IDES	AREA (m^2)	SMI (m^4)	WMI (m^4)	SSM (m^3)	WSM (m^3)	SZ (m^3)	WZ (m^3)	DEPTH (m)	WEBTHK (m)	FLGWDTH (m)	FLGTHK (m)	TORJ (m^4)	comment	Units	Unit Wt.	kg/m	Section Type
14022	0.0041872	0.0000828	0.0000029	0.0004752	0.0000459	0.0005441	0.0000719	0.3490002	0.0058421	0.1270015	0.0085091	0.000000087	!	kgf-m	7850.00	32.86	WF
14026	0.0049614	0.0001020	0.0000037	0.0005785	0.0000580	0.0006588	0.0000908	0.3533183	0.0064771	0.1276366	0.0106681	0.000000150	!	kgf-m	7850.00	38.94	WF
14030	0.0057098	0.0001211	0.0000082	0.0006883	0.0000954	0.0007751	0.0001473	0.3515403	0.0068581	0.1709441	0.0097791	0.000000158	!	kgf-m	7850.00	44.82	WF
14034	0.0064518	0.0001415	0.0000097	0.0007964	0.0001132	0.0008948	0.0001737	0.3550963	0.0072391	0.1713251	0.0115571	0.000000237	!	kgf-m	7850.00	50.64	WF
14038	0.0072260	0.0001603	0.0000111	0.0008948	0.0001291	0.0010078	0.0001983	0.3581444	0.0078741	0.1719601	0.0130812	0.000000333	!	kgf-m	7850.00	56.72	WF
14043	0.0081292	0.0001782	0.0000188	0.0010275	0.0001852	0.0011406	0.0002835	0.3469682	0.0077471	0.2030755	0.0134622	0.000000437	!	kgf-m	7850.00	63.80	WF
14048	0.0090970	0.0002019	0.0000214	0.0011521	0.0002098	0.0012848	0.0003212	0.3502703	0.0086361	0.2039645	0.0151132	0.000000608	!	kgf-m	7850.00	71.40	WF
14053	0.0100647	0.0002252	0.0000240	0.0012750	0.0002343	0.0014274	0.0003605	0.3535723	0.0093981	0.2047265	0.0167642	0.000000808	!	kgf-m	7850.00	79.00	WF
14061	0.0115486	0.0002664	0.0000445	0.0015109	0.0003523	0.0016715	0.0005375	0.3528103	0.0095251	0.2538761	0.0163832	0.000000916	!	kgf-m	7850.00	90.64	WF
14068	0.0129035	0.0003009	0.0000504	0.0016879	0.0003966	0.0018846	0.0006047	0.3566203	0.0105411	0.2548921	0.0182882	0.000001257	!	kgf-m	7850.00	101.28	WF
14074	0.0140648	0.0003313	0.0000558	0.0018354	0.0004359	0.0020648	0.0006653	0.3599224	0.0114301	0.2557811	0.0199392	0.000001615	!	kgf-m	7850.00	110.39	WF
14082	0.0155487	0.0003671	0.0000616	0.0020157	0.0004802	0.0022779	0.0007342	0.3634784	0.0129542	0.2573051	0.0217173	0.000002115	!	kgf-m	7850.00	122.04	WF
14090	0.0170972	0.0004158	0.0001507	0.0023434	0.0008177	0.0025729	0.0012389	0.3561123	0.0111761	0.3688125	0.0180342	0.000001690	!	kgf-m	7850.00	134.19	WF
14099	0.0187746	0.0004620	0.0001673	0.0025729	0.0009046	0.0028351	0.0013700	0.3596684	0.0123191	0.3699555	0.0198122	0.000002235	!	kgf-m	7850.00	147.36	WF
14109	0.0206456	0.0005162	0.0001861	0.0028351	0.0010029	0.0031464	0.0015191	0.3637324	0.0133352	0.3709715	0.0218443	0.000002964	!	kgf-m	7850.00	162.04	WF
14120	0.0227747	0.0005744	0.0002060	0.0031137	0.0011062	0.0034742	0.0016715	0.3677965	0.0149862	0.3726225	0.0238763	0.000003900	!	kgf-m	7850.00	178.76	WF
14132	0.0250328	0.0006369	0.0002281	0.0034250	0.0012209	0.0038347	0.0018518	0.3723685	0.0163832	0.3740195	0.0261623	0.000005120	!	kgf-m	7850.00	196.48	WF
14145	0.0275490	0.0007118	0.0002818	0.0038019	0.0014306	0.0042608	0.0021796	0.3754166	0.0172722	0.3937048	0.0276863	0.000006327	!	kgf-m	7850.00	216.23	WF
14159	0.0299555	0.0007909	0.0003114	0.0041625	0.0015765	0.0047033	0.0023926	0.3804966	0.0189232	0.3953558	0.0302264	0.000008242	!	kgf-m	7850.00	235.12	WF
14176	0.0334201	0.0008908	0.0003488	0.0046049	0.0017535	0.0052441	0.0026712	0.3865927	0.0210823	0.3975148	0.0332744	0.000011031	!	kgf-m	7850.00	262.31	WF
14193	0.0366460	0.0009990	0.0003875	0.0050802	0.0019501	0.0058176	0.0029498	0.3931968	0.0226063	0.3990389	0.0365764	0.000014486	!	kgf-m	7850.00	287.63	WF
14211	0.0400009	0.0011072	0.0004287	0.0055390	0.0021304	0.0063912	0.0032448	0.3992929	0.0248923	0.4013249	0.0396245	0.000018565	!	kgf-m	7850.00	313.96	WF
14233	0.0441945	0.0012529	0.0004787	0.0061454	0.0023762	0.0071450	0.0036217	0.4074210	0.0271783	0.4036109	0.0436885	0.000024767	!	kgf-m	7850.00	346.88	WF
14257	0.0487753	0.0014153	0.0005370	0.0068009	0.0026384	0.0079808	0.0040314	0.4160571	0.0298454	0.4062779	0.0480066	0.000032926	!	kgf-m	7850.00	382.83	WF
14283	0.0537431	0.0015984	0.0005994	0.0075219	0.0029334	0.0088821	0.0044902	0.4252012	0.0327664	0.4091990	0.0525786	0.000043290	!	kgf-m	7850.00	421.82	WF
14311	0.0589691	0.0018024	0.0006702	0.0082922	0.0032611	0.0098818	0.0049818	0.4348533	0.0358144	0.4122470	0.0574047	0.000056610	!	kgf-m	7850.00	462.84	WF
14342	0.0651627	0.0020396	0.0007534	0.0091607	0.0036217	0.0110125	0.0055390	0.4455214	0.0391165	0.4155491	0.0627388	0.000074093	!	kgf-m	7850.00	511.45	WF
14370	0.0703242	0.0022644	0.0008283	0.0099473	0.0039494	0.0120613	0.0060634	0.4551735	0.0420375	0.4184701	0.0675648	0.000092408	!	kgf-m	7850.00	551.96	WF
14398	0.0754856	0.0024975	0.0009033	0.0107503	0.0042936	0.0131265	0.0065878	0.4645716	0.0449585	0.4213911	0.0722639	0.000113637	!	kgf-m	7850.00	592.47	WF
14426	0.0806470	0.0027473	0.0009824	0.0115861	0.0046377	0.0142409	0.0071122	0.4742238	0.0476256	0.4240582	0.0770899	0.000137779	!	kgf-m	7850.00	632.99	WF
14455	0.0864535	0.0029928	0.0010656	0.0123891	0.0049818	0.0153389	0.0076694	0.4831139	0.0511816	0.4276142	0.0815350	0.000164419	!	kgf-m	7850.00	678.56	WF
14500	0.0948408	0.0034174	0.0011988	0.0137329	0.0055554	0.0172070	0.0085544	0.4978461	0.0556267	0.4320593	0.0889011	0.000213953	!	kgf-m	7850.00	744.39	WF
14550	0.1045185	0.0039253	0.0013528	0.0152569	0.0061945	0.0193374	0.0095540	0.5141023	0.0604527	0.4368853	0.0970292	0.000278889	!	kgf-m	7850.00	820.35	WF
14605	0.1148413	0.0044955	0.0015318	0.0170432	0.0069320	0.0216317	0.0106848	0.5313745	0.0659138	0.4423464	0.1056653	0.000362139	!	kgf-m	7850.00	901.37	WF
14665	0.1264544	0.0051615	0.0017358	0.0188458	0.0077350	0.0242537	0.0119630	0.5496627	0.0718829	0.4483155	0.1148094	0.000466202	!	kgf-m	7850.00	992.52	WF
14730	0.1387128	0.0059524	0.0019647	0.0209762	0.0086363	0.0272035	0.0133723	0.5694749	0.0779789	0.4544115	0.1247155	0.000603565	!	kgf-m	7850.00	1088.73	WF
14808	0.1529066	0.0066600	0.0022935	0.0229427	0.0097343	0.0300550	0.0151914	0.5801431	0.0949972	0.4714297	0.1300496	0.000774228	!	kgf-m	7850.00	1200.14	WF
16026	0.0049549	0.0001253	0.0000040	0.0006293	0.0000572	0.0007243	0.0000898	0.3985308	0.0063501	0.1397017	0.0087631	0.000000108	!	kgf-m	7850.00	38.89	WF
16031	0.0058840	0.0001561	0.0000052	0.0007735	0.0000736	0.0008849	0.0001152	0.4033569	0.0069851	0.1403367	0.0111761	0.000000191	!	kgf-m	7850.00	46.18	WF
16036	0.0068389	0.0001865	0.0000102	0.0009259	0.0001147	0.0010488	0.0001770	0.4028489	0.0074931	0.1774212	0.0109221	0.000000225	!	kgf-m	7850.00	53.68	WF
16040	0.0076131	0.0002156	0.0000120	0.0010603	0.0001352	0.0011947	0.0002081	0.4066589	0.0077471	0.1776752	0.0128272	0.000000329	!	kgf-m	7850.00	59.75	WF
16045	0.0085808	0.0002439	0.0000137	0.0011914	0.0001531	0.0013487	0.0002376	0.4097070	0.0087631	0.1786912	0.0143512	0.000000462	!	kgf-m	7850.00	67.35	WF
16050	0.0094841	0.0002743	0.0000155	0.0013274	0.0001721	0.0015077	0.0002671	0.4130090	0.0096521	0.1795802	0.0160022	0.000000633	!	kgf-m	7850.00	74.44	WF
16057	0.0108390	0.0003155	0.0000179	0.0015109	0.0001983	0.0017207	0.0003097	0.4173271	0.0109221	0.1808502	0.0181612	0.000000924	!	kgf-m	7850.00	85.07	WF
16067	0.0127100	0.0003971	0.0000495	0.0019174	0.0003802	0.0021304	0.0005818	0.4147870	0.0100331	0.2599722	0.0168912	0.000000995	!	kgf-m	7850.00	99.76	WF
16077	0.0145810	0.0004620	0.0000574	0.0021959	0.0004408	0.0024581	0.0006735	0.4196131	0.0115571	0.2614962	0.0193042	0.000001486	!	kgf-m	7850.00	114.44	WF
16089	0.0169036	0.0005411	0.0000678	0.0025401	0.0005146	0.0028678	0.0007882	0.4254552	0.0133352	0.2632742	0.0222253	0.000002269	!	kgf-m	7850.00	132.67	WF
16100	0.0189682	0.0006202	0.0000774	0.0028678	0.0005850	0.0032448	0.0008997	0.4310432	0.0148592	0.2647982	0.0250193	0.000003218	!	kgf-m	7850.00	148.88	WF
18035	0.0066453	0.0002123	0.0000064	0.0009439	0.0000839	0.0010898	0.0001321	0.4495855	0.0076201	0.1524019	0.0107951	0.000000212	!	kgf-m	7850.00	52.16	WF
18040	0.0076131	0.0002547	0.0000080	0.0011209	0.0001041	0.0012848	0.0001631	0.4546655	0.0080011	0.1527829	0.0133352	0.000000337	!	kgf-m	7850.00	59.75	WF
18046	0.0087099	0.0002964	0.0000094	0.0012913	0.0001218	0.0014864	0.0001917	0.4587296	0.0091441	0.1539259	0.0153672	0.000000508	!	kgf-m	7850.00	68.36	WF
18050	0.0094841	0.0003330	0.0000167	0.0014569	0.0001753	0.0016552	0.0002720	0.4569516	0.0090171	0.1903753	0.0144782	0.000000516	!	kgf-m	7850.00	74.44	WF
18055	0.0104518	0.0003705	0.0000187	0.0016109	0.0001950	0.0018354	0.0003032	0.4599996	0.0099061	0.1912643	0.0160022	0.000000691	!	kgf-m	7850.00	82.03	WF
18060	0.0113551	0.0004096	0.0000209	0.0017699	0.0002180	0.0020157	0.0003376	0.4633016	0.0105411	0.1918993	0.0176532	0.000000903	!	kgf-m	7850.00	89.12	WF
18065	0.0123229	0.0004454	0.0000228	0.0019174	0.0002360	0.0021796	0.0003687	0.4660957	0.0114301	0.1927883	0.0190502	0.000001136	!	kgf-m	7850.00	96.72	WF
18071	0.0134197	0.0004870	0.0000251	0.0020812	0.0002589	0.0023762	0.0004048	0.4691437	0.0125732	0.1939314	0.0205743	0.000001449	!	kgf-m	7850.00	105.33	WF
18076	0.0143874	0.0005536	0.0000633	0.0023926	0.0004523	0.0026712	0.0006916	0.4625396	0.0107951	0.2802924	0.0172722	0.000001178	!	kgf-m	7850.00	112.92	WF
18086	0.0163229	0.0006369	0.0000728	0.0027204	0.0005179	0.0030481	0.0007932	0.4671117	0.0121921	0.2816894	0.0195582	0.000001707	!	kgf-m	7850.00	128.12	WF
18097	0.0183875	0.0007284	0.0000837	0.0030809	0.0005916	0.0034578	0.0009062	0.4721917	0.0135892	0.2830864	0.0220983	0.000002439	!	kgf-m	7850.00	144.32	WF
18106	0.0200650	0.0007950	0.0000916	0.0033431	0.0006457	0.0037692	0.0009915	0.4757478	0.0149862	0.2844835	0.0238763	0.000003114	!	kgf-m	7850.00	157.49	WF
18119	0.0226457	0.0009116	0.0001053	0.0037855	0.0007358	0.0042772	0.0011324	0.4818439	0.0166372	0.2861345	0.0269243	0.000004412	!	kgf-m	7850.00	177.74	WF
18130	0.0246457	0.0010240	0.0001157	0.0041952	0.0008177	0.0047688	0.0012569	0.4889559	0.0170182	0.2834674	0.0304804	0.000006119	!	kgf-m	7850.00	193.44	WF
18143	0.0271619	0.0011447	0.0001295	0.0046213	0.0009095	0.0052768	0.0013995	0.4950520	0.0185422	0.2849915	0.0335284	0.000008075	!	kgf-m	7850.00	213.19	WF
18158	0.0298716	0.0012737	0.0001444	0.0050802	0.0010062	0.0058340	0.0015536	0.5008941	0.0205743	0.2870235	0.0365764	0.000010573	!	kgf-m	7850.00	234.46	WF
18175	0.0330975	0.0014361	0.0001628	0.0056374	0.0011275	0.0065223	0.0017371	0.5090222	0.0226063	0.2889285	0.0403865	0.000014236	!	kgf-m	7850.00	259.78	WF
18192	0.0363879	0.0016109	0.0001832	0.0062273	0.0012586	0.0072433	0.0019501	0.5168963	0.0243843	0.2909605	0.0444505	0.000018815	!	kgf-m	7850.00	285.60	WF
18211	0.0400654	0.0018024	0.0002052	0.0068664	0.0013979	0.0080300	0.0021632	0.5250244	0.0269243	0.2935006	0.0485146	0.000024684	!	kgf-m	7850.00	314.47	WF
18234	0.0443881	0.0020396	0.0002323	0.0076367	0.0015699	0.0089968	0.0024418	0.5349305	0.0294644	0.2959136	0.0535947	0.000033175	!	kgf-m	7850.00	348.40	WF
18258	0.0489688	0.0022935	0.0002614	0.0084233	0.0017535	0.0100129	0.0027204	0.5450906	0.0325124	0.2989616	0.0584207	0.000043290	!	kgf-m	7850.00	384.35	WF
18283	0.0536786	0.0025641	0.0002930	0.0092426	0.0019337	0.0110781	0.0030317	0.5549967	0.0355604	0.3020097	0.0635008	0.000056194	!	kgf-m	7850.00	421.31	WF
18311	0.0590336	0.0028971	0.0003309	0.0102259	0.0021632	0.0123399	0.0033922	0.5669349	0.0386085	0.3049307	0.0695968	0.000073677	!	kgf-m	7850.00	463.35	WF
21044	0.0083873	0.0003509	0.0000086	0.0013372	0.0001042	0.0015634	0.0001672	0.5247704	0.0088901	0.1651020	0.0114301	0.000000321	!	kgf-m	7850.00	65.83	WF
21050	0.0094841	0.0004096	0.0000104	0.0015486	0.0001252	0.0018026	0.0001999	0.5290884	0.0096521	0.1658640	0.0135892	0.000000475	!	kgf-m	7850.00	74.44	WF
21057	0.0107744	0.0004870	0.0000127	0.0018190	0.0001532	0.0021140	0.0002425	0.5349305	0.0102871	0.1664990	0.0165102	0.000000737	!	kgf-m	7850.00	84.57	WF
21062	0.0118067	0.0005536	0.0000239	0.0020812	0.0002278	0.0023598	0.0003556	0.5331525	0.0101601	0.2092985	0.0156212	0.000000762	!	kgf-m	7850.00	92.67	WF
21068	0.0129035	0.0006161	0.0000269	0.0022943	0.0002573	0.0026220	0.0003999	0.5367085	0.0109221	0.2100606	0.0173992	0.000001020	!	kgf-m	7850.00	101.28	WF
21073	0.0138713	0.0006660	0.0000294	0.0024745	0.0002786	0.0028187	0.0004359	0.5395026	0.0115571	0.2106956	0.0187962	0.000001257	!	kgf-m	7850.00	108.87	WF
21083	0.0156778	0.0007617	0.0000339	0.0028023	0.0003196	0.0032120	0.0004998	0.5443286	0.0130812	0.2122196	0.0212093	0.000001807	!	kgf-m	7850.00	123.05	WF
21093	0.0176133	0.0008616	0.0000387	0.0031464	0.0003622	0.0036217	0.0005687	0.5491547	0.0147322	0.2138706	0.0236223	0.000002510	!	kgf-m	7850.00	138.24	WF
21101	0.0192262	0.0010073	0.0001032	0.0037200	0.0006604	0.0041461	0.0010111	0.5425506	0.0127002	0.3121698	0.0203202	0.000002169	!	kgf-m	7850.00	150.90	WF
21111	0.0210972	0.0011114	0.0001141	0.0040805	0.0007293	0.0045722	0.0011176	0.5463606	0.0139702	0.3134398	0.0222253	0.000002843	!	kgf-m	7850.00	165.59	WF
21122	0.0231618	0.0012321	0.0001270	0.0044738	0.0008063	0.0050310	0.0012389	0.5506787	0.0152402	0.3147098	0.0243843	0.000003738	!	kgf-m	7850.00	181.79	WF
21132	0.0250328	0.0013403	0.0001386	0.0048344	0.0008767	0.0054571	0.0013487	0.5544887	0.0165102	0.3159798	0.0262893	0.000004704	!	kgf-m	7850.00	196.48	WF
21147	0.0278716	0.0015110	0.0001565	0.0053915	0.0009849	0.0061126	0.0015175	0.5603308	0.0182882	0.3177579	0.0292104	0.000006410	!	kgf-m	7850.00	218.76	WF
21166	0.0314846	0.0017816	0.0001811	0.0062273	0.0011488	0.0070795	0.0017699	0.5709989	0.0190502	0.3154718	0.0345444	0.000009948	!	kgf-m	7850.00	247.12	WF
21182	0.0345814	0.0019689	0.0002010	0.0068337	0.0012651	0.0078005	0.0019501	0.5770950	0.0210823	0.3175039	0.0375925	0.000012904	!	kgf-m	7850.00	271.42	WF
21201	0.0381944	0.0022103	0.0002256	0.0075547	0.0014110	0.0086855	0.0021796	0.5849691	0.0231143	0.3194089	0.0414025	0.000017191	!	kgf-m	7850.00	299.78	WF
21223	0.0421945	0.0024767	0.0002535	0.0083577	0.0015749	0.0096523	0.0024418	0.5930972	0.0254003	0.3219489	0.0454666	0.000022852	!	kgf-m	7850.00	331.18	WF
21248	0.0469688	0.0028139	0.0002889	0.0093246	0.0017863	0.0108650	0.0027695	0.6030033	0.0279403	0.3244889	0.0505466	0.000031302	!	kgf-m	7850.00	368.65	WF
21275	0.0521302	0.0031718	0.0003268	0.0103570	0.0019993	0.0121433	0.0030973	0.6129095	0.0309884	0.3274100	0.0556267	0.000042041	!	kgf-m	7850.00	409.16	WF
21300	0.0569045	0.0035298	0.0003634	0.0113403	0.0021959	0.0133723	0.0034414	0.6230696	0.0335284	0.3299500	0.0604527	0.000054113	!	kgf-m	7850.00	446.63	WF
21333	0.0631627	0.0040002	0.0004138	0.0126021	0.0024745	0.0149947	0.0038839	0.6350077	0.0370845	0.3335061	0.0665488	0.000072428	!	kgf-m	7850.00	495.75	WF
21364	0.0690338	0.0044955	0.0004662	0.0138640	0.0027531	0.0165515	0.0043100	0.6469459	0.0403865	0.3369351	0.0723909	0.000093657	!	kgf-m	7850.00	541.84	WF
21402	0.0761307	0.0050783	0.0005286	0.0153552	0.0030973	0.0185181	0.0048507	0.6609160	0.0439425	0.3404911	0.0795030	0.000123627	!	kgf-m	7850.00	597.54	WF
24055	0.0104518	0.0005619	0.0000121	0.0018682	0.0001360	0.0021959	0.0002180	0.5986853	0.0100331	0.1779292	0.0128272	0.000000491	!	kgf-m	7850.00	82.03	WF
24062	0.0117422	0.0006452	0.0000144	0.0021468	0.0001606	0.0025073	0.0002573	0.6030033	0.0109221	0.1788182	0.0149862	0.000000712	!	kgf-m	7850.00	92.16	WF
24068	0.0129680	0.0007617	0.0000293	0.0025237	0.0002573	0.0029006	0.0004015	0.6027493	0.0105411	0.2277138	0.0148592	0.000000778	!	kgf-m	7850.00	101.78	WF
24076	0.0144519	0.0008741	0.0000343	0.0028842	0.0003015	0.0032775	0.0004687	0.6075754	0.0111761	0.2283488	0.0172722	0.000001116	!	kgf-m	7850.00	113.43	WF
24084	0.0159358	0.0009865	0.0000393	0.0032120	0.0003425	0.0036708	0.0005342	0.6121474	0.0119381	0.2291108	0.0195582	0.000001540	!	kgf-m	7850.00	125.08	WF
24094	0.0178714	0.0011239	0.0000454	0.0036381	0.0003933	0.0041625	0.0006145	0.6174815	0.0130812	0.2302538	0.0222253	0.000002189	!	kgf-m	7850.00	140.27	WF
24103	0.0195488	0.0012488	0.0000495	0.0040150	0.0004343	0.0045885	0.0006801	0.6230696	0.0139702	0.2286028	0.0248923	0.000002955	!	kgf-m	7850.00	153.44	WF
24104	0.0197424	0.0012904	0.0001078	0.0042280	0.0006670	0.0047360	0.0010226	0.6111314	0.0127002	0.3238539	0.0190502	0.000001965	!	kgf-m	7850.00	154.95	WF
24117	0.0221940	0.0014735	0.0001236	0.0047688	0.0007620	0.0053588	0.0011701	0.6162115	0.0139702	0.3251240	0.0215903	0.000002797	!	kgf-m	7850.00	174.20	WF
24131	0.0248393	0.0016733	0.0001415	0.0053915	0.0008685	0.0060634	0.0013356	0.6217996	0.0153672	0.3265210	0.0243843	0.000003954	!	kgf-m	7850.00	194.96	WF
24146	0.0277426	0.0019064	0.0001628	0.0060798	0.0009915	0.0068500	0.0015273	0.6284036	0.0165102	0.3276640	0.0276863	0.000005578	!	kgf-m	7850.00	217.75	WF
24162	0.0307749	0.0021520	0.0001844	0.0067845	0.0011209	0.0076694	0.0017207	0.6350077	0.0179072	0.3290610	0.0309884	0.000007701	!	kgf-m	7850.00	241.55	WF
24176	0.0333556	0.0023643	0.0001994	0.0073744	0.0012176	0.0083741	0.0018846	0.6411038	0.0190502	0.3274100	0.0340364	0.000010032	!	kgf-m	7850.00	261.80	WF
24192	0.0363234	0.0026057	0.0002206	0.0080463	0.0013405	0.0091607	0.0020648	0.6469459	0.0205743	0.3289340	0.0370845	0.000012904	!	kgf-m	7850.00	285.10	WF
24207	0.0391622	0.0028388	0.0002406	0.0087018	0.0014552	0.0099309	0.0022451	0.6530419	0.0220983	0.3304580	0.0398785	0.000016067	!	kgf-m	7850.00	307.38	WF
24229	0.0433558	0.0031843	0.0002710	0.0096359	0.0016289	0.0110781	0.0025237	0.6609160	0.0243843	0.3329980	0.0439425	0.000021562	!	kgf-m	7850.00	340.29	WF
24250	0.0474204	0.0035340	0.0003014	0.0105537	0.0018026	0.0121924	0.0028023	0.6690441	0.0264163	0.3349031	0.0480066	0.000028014	!	kgf-m	7850.00	372.20	WF
24279	0.0529044	0.0039960	0.0003426	0.0117663	0.0020321	0.0136837	0.0031628	0.6789503	0.0294644	0.3379511	0.0530866	0.000038170	!	kgf-m	7850.00	415.24	WF
24306	0.0579368	0.0044539	0.0003825	0.0129299	0.0022451	0.0151094	0.0035070	0.6891104	0.0320044	0.3404911	0.0579127	0.000049534	!	kgf-m	7850.00	454.74	WF
24335	0.0634853	0.0049534	0.0004287	0.0141589	0.0024909	0.0167154	0.0039003	0.6990165	0.0350524	0.3434122	0.0629928	0.000064103	!	kgf-m	7850.00	498.29	WF
24370	0.0696790	0.0055778	0.0004829	0.0156830	0.0027859	0.0183542	0.0043755	0.7109546	0.0386085	0.3469682	0.0690888	0.000085332	!	kgf-m	7850.00	546.90	WF
24408	0.0767759	0.0062854	0.0005495	0.0173709	0.0031300	0.0204846	0.0049163	0.7249248	0.0419105	0.3505243	0.0759469	0.000112804	!	kgf-m	7850.00	602.60	WF
24450	0.0851632	0.0071179	0.0006202	0.0191736	0.0035070	0.0231066	0.0055226	0.7388950	0.0459746	0.3544613	0.0830590	0.000148602	!	kgf-m	7850.00	668.43	WF
24492	0.0929053	0.0079504	0.0006951	0.0211401	0.0038839	0.0254009	0.0061454	0.7531192	0.0500386	0.3585254	0.0899171	0.000189811	!	kgf-m	7850.00	729.20	WF
27084	0.0160004	0.0011863	0.0000441	0.0034906	0.0003474	0.0039986	0.0005441	0.6784422	0.0116841	0.2529871	0.0162562	0.000001170	!	kgf-m	7850.00	125.58	WF
27094	0.0178714	0.0013611	0.0000516	0.0039822	0.0004064	0.0045558	0.0006358	0.6837763	0.0124462	0.2537491	0.0189232	0.000001677	!	kgf-m	7850.00	140.27	WF
27102	0.0193553	0.0015068	0.0000579	0.0043755	0.0004556	0.0049982	0.0007112	0.6880944	0.0130812	0.2543841	0.0210823	0.000002202	!	kgf-m	7850.00	151.92	WF
27114	0.0216134	0.0017025	0.0000662	0.0048999	0.0005162	0.0056210	0.0008079	0.6931744	0.0144782	0.2557811	0.0236223	0.000003051	!	kgf-m	7850.00	169.64	WF
27129	0.0243876	0.0019814	0.0000766	0.0056537	0.0006031	0.0064731	0.0009439	0.7018105	0.0154942	0.2542571	0.0279403	0.000004662	!	kgf-m	7850.00	191.41	WF
27146	0.0276780	0.0023435	0.0001844	0.0067353	0.0010406	0.0075547	0.0015978	0.6954605	0.0153672	0.3547153	0.0247653	0.000004537	!	kgf-m	7850.00	217.24	WF
27161	0.0305813	0.0026141	0.0002069	0.0074564	0.0011619	0.0083905	0.0017863	0.7007945	0.0167642	0.3561123	0.0274323	0.000006119	!	kgf-m	7850.00	240.03	WF
27178	0.0337427	0.0029096	0.0002310	0.0082266	0.0012913	0.0092918	0.0019993	0.7063826	0.0184152	0.3577634	0.0302264	0.000008117	!	kgf-m	7850.00	264.84	WF
27194	0.0367750	0.0032551	0.0002572	0.0091115	0.0014438	0.0102915	0.0022287	0.7140027	0.0190502	0.3564933	0.0340364	0.000011031	!	kgf-m	7850.00	288.64	WF
27217	0.0411622	0.0036922	0.0002930	0.0102259	0.0016355	0.0116025	0.0025237	0.7221308	0.0210823	0.3585254	0.0381005	0.000015401	!	kgf-m	7850.00	323.08	WF
27235	0.0445816	0.0040210	0.0003197	0.0110453	0.0017699	0.0126021	0.0027531	0.7279729	0.0231143	0.3604304	0.0408945	0.000019272	!	kgf-m	7850.00	349.91	WF
27258	0.0488398	0.0044955	0.0003576	0.0121596	0.0019665	0.0139295	0.0030645	0.7361010	0.0248923	0.3624624	0.0449585	0.000025391	!	kgf-m	7850.00	383.34	WF
27281	0.0532915	0.0049534	0.0003967	0.0132904	0.0021796	0.0152897	0.0033759	0.7439750	0.0269243	0.3644944	0.0490226	0.000032801	!	kgf-m	7850.00	418.28	WF
27307	0.0581948	0.0054529	0.0004371	0.0144867	0.0023926	0.0167154	0.0037200	0.7521031	0.0294644	0.3669075	0.0530866	0.000042041	!	kgf-m	7850.00	456.76	WF
27336	0.0636788	0.0060356	0.0004870	0.0158960	0.0026384	0.0185181	0.0041297	0.7620093	0.0320044	0.3694475	0.0579127	0.000054529	!	kgf-m	7850.00	499.81	WF
27368	0.0696790	0.0067017	0.0005453	0.0173709	0.0029334	0.0203207	0.0045722	0.7719154	0.0350524	0.3724955	0.0629928	0.000070347	!	kgf-m	7850.00	546.90	WF
27407	0.0767759	0.0075342	0.0006161	0.0191736	0.0032775	0.0226150	0.0051293	0.7841075	0.0386085	0.3759246	0.0690888	0.000093657	!	kgf-m	7850.00	602.60	WF
27448	0.0845180	0.0084915	0.0006951	0.0213040	0.0036708	0.0250731	0.0057521	0.7980777	0.0419105	0.3794806	0.0759469	0.000123627	!	kgf-m	7850.00	663.37	WF
27494	0.0935505	0.0095322	0.0007867	0.0235982	0.0040969	0.0280229	0.0064567	0.8120479	0.0459746	0.3834177	0.0830590	0.000162754	!	kgf-m	7850.00	734.26	WF
27539	0.1019378	0.0106144	0.0008783	0.0257286	0.0045394	0.0308088	0.0071614	0.8260180	0.0500386	0.3874817	0.0899171	0.000207710	!	kgf-m	7850.00	800.09	WF
30090	0.0170326	0.0015068	0.0000479	0.0040150	0.0003622	0.0046377	0.0005687	0.7500711	0.0119381	0.2641632	0.0154942	0.000001215	!	kgf-m	7850.00	133.69	WF
30099	0.0187746	0.0016608	0.0000533	0.0044083	0.0004015	0.0051130	0.0006326	0.7531192	0.0132082	0.2654332	0.0170182	0.000001569	!	kgf-m	7850.00	147.36	WF
30108	0.0204521	0.0018606	0.0000608	0.0048999	0.0004572	0.0056701	0.0007194	0.7576912	0.0138432	0.2660682	0.0193042	0.000002077	!	kgf-m	7850.00	160.53	WF
30116	0.0220650	0.0020521	0.0000683	0.0053915	0.0005129	0.0061945	0.0008063	0.7622633	0.0143512	0.2665762	0.0215903	0.000002676	!	kgf-m	7850.00	173.18	WF
30124	0.0235489	0.0022311	0.0000753	0.0058176	0.0005637	0.0066862	0.0008849	0.7663273	0.0148592	0.2670842	0.0236223	0.000003326	!	kgf-m	7850.00	184.83	WF
30132	0.0250973	0.0024018	0.0000816	0.0062273	0.0006096	0.0071614	0.0009570	0.7698834	0.0156212	0.2678463	0.0254003	0.000004046	!	kgf-m	7850.00	196.98	WF
30148	0.0280651	0.0027806	0.0000945	0.0071450	0.0007096	0.0081938	0.0011144	0.7790275	0.0165102	0.2661952	0.0299724	0.000006077	!	kgf-m	7850.00	220.28	WF
30173	0.0327749	0.0034133	0.0002489	0.0088329	0.0013077	0.0099145	0.0020157	0.7731854	0.0166372	0.3806236	0.0270513	0.000006369	!	kgf-m	7850.00	257.25	WF
30191	0.0361944	0.0038170	0.0002801	0.0097998	0.0014667	0.0110289	0.0022615	0.7792815	0.0180342	0.3820206	0.0300994	0.000008575	!	kgf-m	7850.00	284.08	WF
30211	0.0400009	0.0042874	0.0003151	0.0108650	0.0016388	0.0122744	0.0025237	0.7858856	0.0196852	0.3836717	0.0334014	0.000011613	!	kgf-m	7850.00	313.96	WF
30235	0.0445171	0.0048701	0.0003559	0.0122252	0.0018682	0.0138476	0.0028678	0.7950297	0.0210823	0.3824017	0.0381005	0.000016650	!	kgf-m	7850.00	349.41	WF
30261	0.0494850	0.0054529	0.0003992	0.0135526	0.0020812	0.0154208	0.0032120	0.8029038	0.0236223	0.3849417	0.0419105	0.000022394	!	kgf-m	7850.00	388.40	WF
30292	0.0552916	0.0062021	0.0004579	0.0152078	0.0023598	0.0173709	0.0036544	0.8130639	0.0259083	0.3874817	0.0469906	0.000031177	!	kgf-m	7850.00	433.97	WF
30326	0.0617433	0.0069930	0.0005162	0.0168793	0.0026548	0.0195013	0.0041297	0.8229700	0.0289564	0.3904027	0.0520706	0.000042874	!	kgf-m	7850.00	484.61	WF
30357	0.0670983	0.0077423	0.0005786	0.0186819	0.0029334	0.0213040	0.0045722	0.8331301	0.0314964	0.3929428	0.0568967	0.000055778	!	kgf-m	7850.00	526.64	WF
30391	0.0735500	0.0086164	0.0006452	0.0204846	0.0032448	0.0234344	0.0050802	0.8430363	0.0345444	0.3959908	0.0619768	0.000072428	!	kgf-m	7850.00	577.28	WF
30433	0.0819373	0.0096570	0.0007284	0.0226150	0.0036381	0.0263841	0.0057029	0.8549744	0.0381005	0.3994199	0.0680728	0.000096154	!	kgf-m	7850.00	643.11	WF
30477	0.0903246	0.0108642	0.0008200	0.0250731	0.0040805	0.0293339	0.0063912	0.8689446	0.0414025	0.4029759	0.0749309	0.000127789	!	kgf-m	7850.00	708.94	WF
30526	0.0993571	0.0121962	0.0009282	0.0275313	0.0045558	0.0326114	0.0071778	0.8829147	0.0454666	0.4069129	0.0820430	0.000168582	!	kgf-m	7850.00	779.84	WF
30581	0.1096799	0.0137363	0.0010531	0.0306449	0.0051130	0.0362167	0.0080627	0.8989169	0.0500386	0.4114850	0.0899171	0.000223527	!	kgf-m	7850.00	860.86	WF
33118	0.0223876	0.0024559	0.0000778	0.0058832	0.0005342	0.0068009	0.0008407	0.8346541	0.0139702	0.2915955	0.0187962	0.000002206	!	kgf-m	7850.00	175.72	WF
33130	0.0247102	0.0027930	0.0000907	0.0066534	0.0006211	0.0076530	0.0009751	0.8404962	0.0147322	0.2923576	0.0217173	0.000003068	!	kgf-m	7850.00	193.95	WF
33141	0.0268393	0.0031011	0.0001024	0.0073417	0.0006998	0.0084233	0.0010963	0.8458303	0.0153672	0.2929926	0.0243843	0.000004038	!	kgf-m	7850.00	210.66	WF
33152	0.0288394	0.0033966	0.0001136	0.0079808	0.0007735	0.0091607	0.0012110	0.8506563	0.0161292	0.2937546	0.0267973	0.000005162	!	kgf-m	7850.00	226.36	WF
33169	0.0319362	0.0038670	0.0001290	0.0089968	0.0008833	0.0103078	0.0013831	0.8590384	0.0170182	0.2921036	0.0309884	0.000007368	!	kgf-m	7850.00	250.66	WF
33201	0.0381299	0.0047869	0.0003118	0.0112092	0.0015601	0.0126513	0.0024090	0.8554824	0.0181612	0.3999279	0.0292104	0.000008533	!	kgf-m	7850.00	299.28	WF
33221	0.0419364	0.0053280	0.0003497	0.0124055	0.0017371	0.0140115	0.0026876	0.8618325	0.0196852	0.4014519	0.0323854	0.000011447	!	kgf-m	7850.00	329.15	WF
33241	0.0457430	0.0059108	0.0003879	0.0135854	0.0019337	0.0153880	0.0029826	0.8681826	0.0210823	0.4028489	0.0355604	0.000014902	!	kgf-m	7850.00	359.03	WF
33263	0.0499366	0.0065768	0.0004287	0.0150275	0.0021468	0.0170432	0.0033103	0.8770727	0.0220983	0.4014519	0.0398785	0.000020188	!	kgf-m	7850.00	391.94	WF
33291	0.0552270	0.0073677	0.0004829	0.0165515	0.0023926	0.0188458	0.0037036	0.8849468	0.0243843	0.4039919	0.0439425	0.000027056	!	kgf-m	7850.00	433.47	WF
33318	0.0603239	0.0081169	0.0005370	0.0181903	0.0026384	0.0208123	0.0040969	0.8930749	0.0264163	0.4060239	0.0480066	0.000035132	!	kgf-m	7850.00	473.47	WF
33354	0.0670983	0.0091159	0.0006077	0.0201568	0.0029662	0.0232705	0.0046213	0.9029810	0.0294644	0.4089450	0.0530866	0.000047869	!	kgf-m	7850.00	526.64	WF
33387	0.0729049	0.0101149	0.0006743	0.0221233	0.0032775	0.0254009	0.0051130	0.9131411	0.0320044	0.4114850	0.0579127	0.000062021	!	kgf-m	7850.00	572.22	WF
33424	0.0800018	0.0111972	0.0007493	0.0242537	0.0036217	0.0278590	0.0056537	0.9230472	0.0350524	0.4144060	0.0629928	0.000080337	!	kgf-m	7850.00	627.92	WF
33468	0.0883891	0.0125292	0.0008450	0.0267119	0.0040478	0.0309727	0.0063420	0.9349854	0.0386085	0.4179621	0.0690888	0.000106560	!	kgf-m	7850.00	693.75	WF
33515	0.0974215	0.0140277	0.0009532	0.0296617	0.0045230	0.0345780	0.0070959	0.9489555	0.0419105	0.4213911	0.0759469	0.000140693	!	kgf-m	7850.00	764.65	WF
33567	0.1070992	0.0156927	0.0010739	0.0326114	0.0050474	0.0381833	0.0079480	0.9629257	0.0459746	0.4254552	0.0830590	0.000184816	!	kgf-m	7850.00	840.60	WF
33619	0.1167768	0.0173993	0.0011946	0.0355612	0.0055718	0.0419524	0.0088002	0.9771499	0.0500386	0.4295192	0.0899171	0.000236015	!	kgf-m	7850.00	916.56	WF
36135	0.0256135	0.0032468	0.0000937	0.0071942	0.0006178	0.0083413	0.0009783	0.9029810	0.0152402	0.3035337	0.0200662	0.000002910	!	kgf-m	7850.00	201.04	WF
36150	0.0285168	0.0037629	0.0001124	0.0082594	0.0007391	0.0095212	0.0011619	0.9106011	0.0158752	0.3041687	0.0238763	0.000004204	!	kgf-m	7850.00	223.82	WF
36160	0.0303233	0.0040585	0.0001228	0.0088821	0.0008046	0.0102259	0.0012668	0.9146651	0.0165102	0.3048037	0.0259083	0.000005162	!	kgf-m	7850.00	238.00	WF
36170	0.0322588	0.0043706	0.0001332	0.0095048	0.0008718	0.0109470	0.0013733	0.9187292	0.0172722	0.3055657	0.0279403	0.000006285	!	kgf-m	7850.00	253.19	WF
36182	0.0345814	0.0047036	0.0001444	0.0102095	0.0009439	0.0117663	0.0014864	0.9227932	0.0184152	0.3067087	0.0299724	0.000007659	!	kgf-m	7850.00	271.42	WF
36194	0.0367750	0.0050366	0.0001561	0.0108814	0.0010144	0.0125693	0.0016011	0.9268573	0.0194312	0.3077247	0.0320044	0.000009241	!	kgf-m	7850.00	288.64	WF
36210	0.0398719	0.0054945	0.0001711	0.0117827	0.0011062	0.0136509	0.0017535	0.9319373	0.0210823	0.3093758	0.0345444	0.000011655	!	kgf-m	7850.00	312.95	WF
36232	0.0439365	0.0062438	0.0001948	0.0132576	0.0012651	0.0153389	0.0019993	0.9428595	0.0220983	0.3078517	0.0398785	0.000016567	!	kgf-m	7850.00	344.85	WF
36256	0.0486462	0.0069930	0.0002198	0.0146670	0.0014175	0.0170432	0.0022451	0.9507336	0.0243843	0.3102648	0.0439425	0.000022186	!	kgf-m	7850.00	381.82	WF
36230	0.0436139	0.0062438	0.0003913	0.0137165	0.0018682	0.0154536	0.0028842	0.9118711	0.0193042	0.4183431	0.0320044	0.000011905	!	kgf-m	7850.00	342.32	WF
36245	0.0465172	0.0067017	0.0004204	0.0146670	0.0020157	0.0165515	0.0031137	0.9164431	0.0203202	0.4193591	0.0342904	0.000014402	!	kgf-m	7850.00	365.11	WF
36260	0.0493559	0.0072012	0.0004537	0.0156174	0.0021632	0.0176987	0.0033431	0.9210152	0.0213363	0.4203751	0.0365764	0.000017274	!	kgf-m	7850.00	387.39	WF
36280	0.0531625	0.0078672	0.0004995	0.0168793	0.0023598	0.0191736	0.0036544	0.9276193	0.0224793	0.4215181	0.0398785	0.000021895	!	kgf-m	7850.00	417.26	WF
36300	0.0569690	0.0084499	0.0005411	0.0181903	0.0025565	0.0206485	0.0039494	0.9332073	0.0240033	0.4230421	0.0426725	0.000026723	!	kgf-m	7850.00	447.14	WF
36328	0.0621949	0.0093657	0.0005911	0.0198291	0.0028023	0.0226150	0.0043427	0.9420975	0.0259083	0.4224071	0.0469906	0.000035173	!	kgf-m	7850.00	488.16	WF
36359	0.0677434	0.0103230	0.0006535	0.0216317	0.0030809	0.0247454	0.0047852	0.9499716	0.0284483	0.4249472	0.0510546	0.000045371	!	kgf-m	7850.00	531.71	WF
36393	0.0741952	0.0114469	0.0007284	0.0237621	0.0034086	0.0272035	0.0053260	0.9601317	0.0309884	0.4274872	0.0558807	0.000059524	!	kgf-m	7850.00	582.35	WF
36439	0.0825825	0.0129038	0.0008283	0.0265480	0.0038511	0.0304811	0.0060143	0.9718158	0.0345444	0.4309162	0.0619768	0.000081169	!	kgf-m	7850.00	648.18	WF
36527	0.0993571	0.0159424	0.0010365	0.0319559	0.0047360	0.0372000	0.0074400	0.9959461	0.0408945	0.4373933	0.0739149	0.000137363	!	kgf-m	7850.00	779.84	WF
36588	0.1109702	0.0181069	0.0011863	0.0357251	0.0053752	0.0417885	0.0084724	1.0119483	0.0454666	0.4419654	0.0820430	0.000188562	!	kgf-m	7850.00	870.99	WF
36650	0.1225834	0.0203547	0.0013445	0.0396581	0.0060143	0.0465410	0.0095048	1.0279505	0.0500386	0.4464104	0.0899171	0.000249751	!	kgf-m	7850.00	962.14	WF
36720	0.1361321	0.0230187	0.0015318	0.0440828	0.0067845	0.0522766	0.0107503	1.0462387	0.0549917	0.4514905	0.0990612	0.000334666	!	kgf-m	7850.00	1068.48	WF
36798	0.1509711	0.0260574	0.0017483	0.0488352	0.0076530	0.0585040	0.0121760	1.0660510	0.0604527	0.4569516	0.1089673	0.000445389	!	kgf-m	7850.00	1184.95	WF
36848	0.1606487	0.0280554	0.0018939	0.0519489	0.0082102	0.0627647	0.0130937	1.0782431	0.0640088	0.4605076	0.1150634	0.000528640	!	kgf-m	7850.00	1260.91	WF
40149	0.0282587	0.0040709	0.0000953	0.0083905	0.0006358	0.0097834	0.0010193	0.9702918	0.0160022	0.2999776	0.0210823	0.000004004	!	kgf-m	7850.00	221.80	WF
40167	0.0316781	0.0048285	0.0001178	0.0098162	0.0007850	0.0113403	0.0012455	0.9801979	0.0165102	0.2999776	0.0260353	0.000005828	!	kgf-m	7850.00	248.64	WF
40183	0.0346459	0.0055361	0.0001399	0.0111764	0.0009325	0.0127988	0.0014683	0.9901040	0.0165102	0.2999776	0.0309884	0.000008159	!	kgf-m	7850.00	271.93	WF
40199	0.0376783	0.0062021	0.0002893	0.0126021	0.0014454	0.0142245	0.0022451	0.9822299	0.0165102	0.4000549	0.0270513	0.000007534	!	kgf-m	7850.00	295.73	WF
40215	0.0408396	0.0069514	0.0003313	0.0140606	0.0016552	0.0157813	0.0025565	0.9901040	0.0165102	0.4000549	0.0309884	0.000010157	!	kgf-m	7850.00	320.54	WF
40249	0.0472914	0.0081169	0.0003854	0.0162566	0.0019337	0.0183542	0.0029826	1.0002642	0.0190502	0.4000549	0.0360684	0.000015693	!	kgf-m	7850.00	371.18	WF
40277	0.0524528	0.0091159	0.0004329	0.0180264	0.0021632	0.0204846	0.0033431	1.0081383	0.0210823	0.4020869	0.0400055	0.000021270	!	kgf-m	7850.00	411.69	WF
40297	0.0563884	0.0096570	0.0004537	0.0191736	0.0022615	0.0217956	0.0035233	1.0119483	0.0236223	0.4019599	0.0419105	0.000025475	!	kgf-m	7850.00	442.58	WF
40324	0.0614852	0.0106560	0.0005078	0.0209762	0.0025073	0.0239260	0.0039167	1.0200764	0.0254003	0.4039919	0.0459746	0.000033050	!	kgf-m	7850.00	482.59	WF
40362	0.0683886	0.0120297	0.0005744	0.0232705	0.0028351	0.0267119	0.0044247	1.0299825	0.0284483	0.4069129	0.0510546	0.000045371	!	kgf-m	7850.00	536.77	WF
40397	0.0748404	0.0133201	0.0006410	0.0255648	0.0031300	0.0293339	0.0049163	1.0401426	0.0309884	0.4094530	0.0558807	0.000059108	!	kgf-m	7850.00	587.41	WF
40436	0.0825825	0.0147353	0.0007160	0.0280229	0.0034742	0.0324476	0.0054735	1.0500488	0.0340364	0.4125010	0.0609607	0.000077423	!	kgf-m	7850.00	648.18	WF
40480	0.0903246	0.0164419	0.0008075	0.0309727	0.0038839	0.0357251	0.0061290	1.0619869	0.0370845	0.4155491	0.0670568	0.000101982	!	kgf-m	7850.00	708.94	WF
40531	0.1006474	0.0184399	0.0009158	0.0342502	0.0043591	0.0401498	0.0069156	1.0754491	0.0408945	0.4193591	0.0739149	0.000136947	!	kgf-m	7850.00	789.97	WF
40593	0.1122606	0.0209791	0.0010490	0.0383471	0.0049491	0.0450661	0.0078825	1.0919593	0.0454666	0.4239312	0.0820430	0.000187730	!	kgf-m	7850.00	881.12	WF
40655	0.1238737	0.0235182	0.0011905	0.0424440	0.0055554	0.0501462	0.0088657	1.1079615	0.0500386	0.4285032	0.0899171	0.000248086	!	kgf-m	7850.00	972.27	WF
10000	0.0322588	0.0004163	0.0004163	0.0040969	0.0040969	0.0049163	0.0049163	0.3810046	0.0190502	0.3810046	0.0190502	0.000004163	!	kgf-m	7850.00	253.19	WF
0	0.0000000	0.0000000	0.0000000	0.0000000	0.0000000	0.0000000	0.0000000	0.0000000	0.0000000	0.0000000	0.0000000	0.000000000	!	kgf-m	7850.00	0.00	WF
2014144	0.0273720	0.0012424	0.0002074	0.0049696	0.0011850	0.0055621	0.0018045	0.5000000	0.0160000	0.3500000	0.0290000	0.000006373	!	kgf-m	7850.00	214.87	WF
2216172	0.0325480	0.0017646	0.0003096	0.0064166	0.0015481	0.0071934	0.0023644	0.5500000	0.0190000	0.4000000	0.0290000	0.000007761	!	kgf-m	7850.00	255.50	WF
2418232	0.0440160	0.0028499	0.0005472	0.0094998	0.0024321	0.0106701	0.0037089	0.6000000	0.0220000	0.4500000	0.0360000	0.000016126	!	kgf-m	7850.00	345.53	WF
2620266	0.0504500	0.0037991	0.0007508	0.0116897	0.0030030	0.0131400	0.0045903	0.6500000	0.0250000	0.5000000	0.0360000	0.000018937	!	kgf-m	7850.00	396.03	WF
2820306	0.0579800	0.0049373	0.0008346	0.0141066	0.0033384	0.0159869	0.0051304	0.7000000	0.0290000	0.5000000	0.0400000	0.000027024	!	kgf-m	7850.00	455.14	WF
2822354	0.0671900	0.0058661	0.0012491	0.0167602	0.0045420	0.0189090	0.0069345	0.7000000	0.0290000	0.5500000	0.0450000	0.000039103	!	kgf-m	7850.00	527.44	WF
1212125	0.0236840	0.0003672	0.0001441	0.0024480	0.0009609	0.0028374	0.0014613	0.3000000	0.0190000	0.3000000	0.0320000	0.000007240	!	kgf-m	7850.00	185.92	WF
1414165	0.0313160	0.0006633	0.0002575	0.0037901	0.0014714	0.0043815	0.0022386	0.3500000	0.0220000	0.3500000	0.0360000	0.000012129	!	kgf-m	7850.00	245.83	WF
1616211	0.0400000	0.0011093	0.0004271	0.0055467	0.0021354	0.0064000	0.0032500	0.4000000	0.0250000	0.4000000	0.0400000	0.000019150	!	kgf-m	7850.00	314.00	WF
1818291	0.0551500	0.0019130	0.0007601	0.0085022	0.0033782	0.0098881	0.0051361	0.4500000	0.0290000	0.4500000	0.0500000	0.000041158	!	kgf-m	7850.00	432.93	WF
2020364	0.0690400	0.0029147	0.0011473	0.0116587	0.0045894	0.0136064	0.0070014	0.5000000	0.0360000	0.5000000	0.0550000	0.000063234	!	kgf-m	7850.00	541.96	WF
2414161	0.0305980	0.0019082	0.0002075	0.0063606	0.0011859	0.0071910	0.0018252	0.6000000	0.0190000	0.3500000	0.0290000	0.000007063	!	kgf-m	7850.00	240.19	WF
2616182	0.0344480	0.0025668	0.0003097	0.0078980	0.0015484	0.0088683	0.0023734	0.6500000	0.0190000	0.4000000	0.0290000	0.000007990	!	kgf-m	7850.00	270.42	WF
2818244	0.0462160	0.0040288	0.0005473	0.0115109	0.0024325	0.0129259	0.0037210	0.7000000	0.0220000	0.4500000	0.0360000	0.000016481	!	kgf-m	7850.00	362.80	WF
2820293	0.0555000	0.0048579	0.0008341	0.0138796	0.0033366	0.0156025	0.0050969	0.7000000	0.0250000	0.5000000	0.0400000	0.000024979	!	kgf-m	7850.00	435.68	WF
2822354	0.0671900	0.0058661	0.0012491	0.0167602	0.0045420	0.0189090	0.0069345	0.7000000	0.0290000	0.5500000	0.0450000	0.000039103	!	kgf-m	7850.00	527.44	WF
201298	0.0186720	0.0008493	0.0000991	0.0033974	0.0006604	0.0037786	0.0010064	0.5000000	0.0120000	0.3000000	0.0220000	0.000002418	!	kgf-m	7850.00	146.58	WF
2014130	0.0247000	0.0011095	0.0001788	0.0044381	0.0010217	0.0049663	0.0015601	0.5000000	0.0160000	0.3500000	0.0250000	0.000004329	!	kgf-m	7850.00	193.90	WF
2214156	0.0296480	0.0015676	0.0002075	0.0057002	0.0011858	0.0064380	0.0018207	0.5500000	0.0190000	0.3500000	0.0290000	0.000006948	!	kgf-m	7850.00	232.74	WF
2216184	0.0348340	0.0019012	0.0003416	0.0069135	0.0017081	0.0077523	0.0026039	0.5500000	0.0190000	0.4000000	0.0320000	0.000009996	!	kgf-m	7850.00	273.45	WF
2416213	0.0404160	0.0025633	0.0003845	0.0085442	0.0019223	0.0096549	0.0029439	0.6000000	0.0220000	0.4000000	0.0360000	0.000014571	!	kgf-m	7850.00	317.27	WF
2612108	0.0204720	0.0015245	0.0000991	0.0046909	0.0006606	0.0052465	0.0010118	0.6500000	0.0120000	0.3000000	0.0220000	0.000002504	!	kgf-m	7850.00	160.71	WF
2614143	0.0271000	0.0019979	0.0001789	0.0061474	0.0010220	0.0069088	0.0015697	0.6500000	0.0160000	0.3500000	0.0250000	0.000004533	!	kgf-m	7850.00	212.74	WF
2814171	0.0324980	0.0027054	0.0002076	0.0077296	0.0011863	0.0087684	0.0018342	0.7000000	0.0190000	0.3500000	0.0290000	0.000007291	!	kgf-m	7850.00	255.11	WF
2816199	0.0376840	0.0032653	0.0003417	0.0093296	0.0017085	0.0104718	0.0026174	0.7000000	0.0190000	0.4000000	0.0320000	0.000010339	!	kgf-m	7850.00	295.82	WF
3016231	0.0437160	0.0042450	0.0003846	0.0113201	0.0019230	0.0128099	0.0029620	0.7500000	0.0220000	0.4000000	0.0360000	0.000015104	!	kgf-m	7850.00	343.17	WF
-1414196	0.0372360	0.0006447	0.0006447	0.0036840	0.0036840	0.0044945	0.0044945	0.3500000	0.0290000	0.3500000	0.0290000	0.000959209	!	kgf-m	7850.00	292.30	BOX
-1616227	0.0430360	0.0009933	0.0009933	0.0049664	0.0049664	0.0059996	0.0059996	0.4000000	0.0290000	0.4000000	0.0290000	0.001480880	!	kgf-m	7850.00	337.83	BOX
-2020352	0.0668160	0.0024120	0.0024120	0.0096479	0.0096479	0.0116493	0.0116493	0.5000000	0.0360000	0.5000000	0.0360000	0.003596304	!	kgf-m	7850.00	524.51	BOX
-2222430	0.0816000	0.0035591	0.0035591	0.0129423	0.0129423	0.0156380	0.0156380	0.5500000	0.0400000	0.5500000	0.0400000	0.005306040	!	kgf-m	7850.00	640.56	BOX
-2626633	0.1200000	0.0072500	0.0072500	0.0223077	0.0223077	0.0270625	0.0270625	0.6500000	0.0500000	0.6500000	0.0500000	0.010800000	!	kgf-m	7850.00	942.00	BOX
-2626690	0.1309000	0.0077896	0.0077896	0.0239681	0.0239681	0.0292903	0.0292903	0.6500000	0.0550000	0.6500000	0.0550000	0.011585468	!	kgf-m	7850.00	1027.57	BOX
-2626747	0.1416000	0.0083001	0.0083001	0.0255388	0.0255388	0.0314370	0.0314370	0.6500000	0.0600000	0.6500000	0.0600000	0.012322740	!	kgf-m	7850.00	1111.56	BOX
99	0.000	0.000	0.000	0.000	0.000	0.000	0.000	0.000	0.000	0.000	0.000	0.000	!	If this line is reached then program execution stops			
