IDES	AREA (in^2)	SMI (in^4)	WMI (in^4)	SSM (in^3)	WSM (in^3)	SZ (in^3)	WZ (in^3)	DEPTH (in)	WEBTHK (in)	FLGWDTH (in)	FLGTHK (in)	TORJ (in^4)	comment	Units	Unit Wt.	lb/ft	Section Type
12065	19.100	533.000	174.000	87.900	29.100	96.800	44.100	12.120	0.390	12.000	0.605	2.180	!	Kip-in	490.00	64.99	WF
14022	6.490	199.000	7.000	29.000	2.800	33.200	4.390	13.740	0.230	5.000	0.335	0.210	!	Kip-in	490.00	22.08	WF
14026	7.690	245.000	8.910	35.300	3.540	40.200	5.540	13.910	0.255	5.025	0.420	0.360	!	Kip-in	490.00	26.17	WF
14030	8.850	291.000	19.600	42.000	5.820	47.300	8.990	13.840	0.270	6.730	0.385	0.380	!	Kip-in	490.00	30.11	WF
14034	10.000	340.000	23.300	48.600	6.910	54.600	10.600	13.980	0.285	6.745	0.455	0.570	!	Kip-in	490.00	34.03	WF
14038	11.200	385.000	26.700	54.600	7.880	61.500	12.100	14.100	0.310	6.770	0.515	0.800	!	Kip-in	490.00	38.11	WF
14043	12.600	428.000	45.200	62.700	11.300	69.600	17.300	13.660	0.305	7.995	0.530	1.050	!	Kip-in	490.00	42.88	WF
14048	14.100	485.000	51.400	70.300	12.800	78.400	19.600	13.790	0.340	8.030	0.595	1.460	!	Kip-in	490.00	47.98	WF
14053	15.600	541.000	57.700	77.800	14.300	87.100	22.000	13.920	0.370	8.060	0.660	1.940	!	Kip-in	490.00	53.08	WF
14061	17.900	640.000	107.000	92.200	21.500	102.000	32.800	13.890	0.375	9.995	0.645	2.200	!	Kip-in	490.00	60.91	WF
14068	20.000	723.000	121.000	103.000	24.200	115.000	36.900	14.040	0.415	10.035	0.720	3.020	!	Kip-in	490.00	68.06	WF
14074	21.800	796.000	134.000	112.000	26.600	126.000	40.600	14.170	0.450	10.070	0.785	3.880	!	Kip-in	490.00	74.18	WF
14082	24.100	882.000	148.000	123.000	29.300	139.000	44.800	14.310	0.510	10.130	0.855	5.080	!	Kip-in	490.00	82.01	WF
14090	26.500	999.000	362.000	143.000	49.900	157.000	75.600	14.020	0.440	14.520	0.710	4.060	!	Kip-in	490.00	90.17	WF
14099	29.100	1110.000	402.000	157.000	55.200	173.000	83.600	14.160	0.485	14.565	0.780	5.370	!	Kip-in	490.00	99.02	WF
14109	32.000	1240.000	447.000	173.000	61.200	192.000	92.700	14.320	0.525	14.605	0.860	7.120	!	Kip-in	490.00	108.89	WF
14120	35.300	1380.000	495.000	190.000	67.500	212.000	102.000	14.480	0.590	14.670	0.940	9.370	!	Kip-in	490.00	120.12	WF
14132	38.800	1530.000	548.000	209.000	74.500	234.000	113.000	14.660	0.645	14.725	1.030	12.300	!	Kip-in	490.00	132.03	WF
14145	42.700	1710.000	677.000	232.000	87.300	260.000	133.000	14.780	0.680	15.500	1.090	15.200	!	Kip-in	490.00	145.30	WF
14159	46.430	1900.000	748.000	254.000	96.200	287.000	146.000	14.980	0.745	15.565	1.190	19.800	!	Kip-in	490.00	157.99	WF
14176	51.800	2140.000	838.000	281.000	107.000	320.000	163.000	15.220	0.830	15.650	1.310	26.500	!	Kip-in	490.00	176.26	WF
14193	56.800	2400.000	931.000	310.000	119.000	355.000	180.000	15.480	0.890	15.710	1.440	34.800	!	Kip-in	490.00	193.28	WF
14211	62.000	2660.000	1030.000	338.000	130.000	390.000	198.000	15.720	0.980	15.800	1.560	44.600	!	Kip-in	490.00	210.97	WF
14233	68.500	3010.000	1150.000	375.000	145.000	436.000	221.000	16.040	1.070	15.890	1.720	59.500	!	Kip-in	490.00	233.09	WF
14257	75.600	3400.000	1290.000	415.000	161.000	487.000	246.000	16.380	1.175	15.995	1.890	79.100	!	Kip-in	490.00	257.25	WF
14283	83.300	3840.000	1440.000	459.000	179.000	542.000	274.000	16.740	1.290	16.110	2.070	104.000	!	Kip-in	490.00	283.45	WF
14311	91.400	4330.000	1610.000	506.000	199.000	603.000	304.000	17.120	1.410	16.230	2.260	136.000	!	Kip-in	490.00	311.01	WF
14342	101.000	4900.000	1810.000	559.000	221.000	672.000	338.000	17.540	1.540	16.360	2.470	178.000	!	Kip-in	490.00	343.68	WF
14370	109.000	5440.000	1990.000	607.000	241.000	736.000	370.000	17.920	1.655	16.475	2.660	222.000	!	Kip-in	490.00	370.90	WF
14398	117.000	6000.000	2170.000	656.000	262.000	801.000	402.000	18.290	1.770	16.590	2.845	273.000	!	Kip-in	490.00	398.13	WF
14426	125.000	6600.000	2360.000	707.000	283.000	869.000	434.000	18.670	1.875	16.695	3.035	331.000	!	Kip-in	490.00	425.35	WF
14455	134.000	7190.000	2560.000	756.000	304.000	936.000	468.000	19.020	2.015	16.835	3.210	395.000	!	Kip-in	490.00	455.97	WF
14500	147.000	8210.000	2880.000	838.000	339.000	1050.000	522.000	19.600	2.190	17.010	3.500	514.000	!	Kip-in	490.00	500.21	WF
14550	162.000	9430.000	3250.000	931.000	378.000	1180.000	583.000	20.240	2.380	17.200	3.820	670.000	!	Kip-in	490.00	551.25	WF
14605	178.000	10800.000	3680.000	1040.000	423.000	1320.000	652.000	20.920	2.595	17.415	4.160	870.000	!	Kip-in	490.00	605.69	WF
14665	196.000	12400.000	4170.000	1150.000	472.000	1480.000	730.000	21.640	2.830	17.650	4.520	1120.000	!	Kip-in	490.00	666.94	WF
14730	215.000	14300.000	4720.000	1280.000	527.000	1660.000	816.000	22.420	3.070	17.890	4.910	1450.000	!	Kip-in	490.00	731.60	WF
14808	237.000	16000.000	5510.000	1400.000	594.000	1834.000	927.000	22.840	3.740	18.560	5.120	1860.000	!	Kip-in	490.00	806.46	WF
16026	7.680	301.000	9.590	38.400	3.490	44.200	5.480	15.690	0.250	5.500	0.345	0.260	!	Kip-in	490.00	26.13	WF
16031	9.120	375.000	12.400	47.200	4.490	54.000	7.030	15.880	0.275	5.525	0.440	0.460	!	Kip-in	490.00	31.03	WF
16036	10.600	448.000	24.500	56.500	7.000	64.000	10.800	15.860	0.295	6.985	0.430	0.540	!	Kip-in	490.00	36.07	WF
16040	11.800	518.000	28.900	64.700	8.250	72.900	12.700	16.010	0.305	6.995	0.505	0.790	!	Kip-in	490.00	40.15	WF
16045	13.300	586.000	32.800	72.700	9.340	82.300	14.500	16.130	0.345	7.035	0.565	1.110	!	Kip-in	490.00	45.26	WF
16050	14.700	659.000	37.200	81.000	10.500	92.000	16.300	16.260	0.380	7.070	0.630	1.520	!	Kip-in	490.00	50.02	WF
16057	16.800	758.000	43.100	92.200	12.100	105.000	18.900	16.430	0.430	7.120	0.715	2.220	!	Kip-in	490.00	57.17	WF
16067	19.700	954.000	119.000	117.000	23.200	130.000	35.500	16.330	0.395	10.235	0.665	2.390	!	Kip-in	490.00	67.03	WF
16077	22.600	1110.000	138.000	134.000	26.900	150.000	41.100	16.520	0.455	10.295	0.760	3.570	!	Kip-in	490.00	76.90	WF
16089	26.200	1300.000	163.000	155.000	31.400	175.000	48.100	16.750	0.525	10.365	0.875	5.450	!	Kip-in	490.00	89.15	WF
16100	29.400	1490.000	186.000	175.000	35.700	198.000	54.900	16.970	0.585	10.425	0.985	7.730	!	Kip-in	490.00	100.04	WF
18035	10.300	510.000	15.300	57.600	5.120	66.500	8.060	17.700	0.300	6.000	0.425	0.510	!	Kip-in	490.00	35.05	WF
18040	11.800	612.000	19.100	68.400	6.350	78.400	9.950	17.900	0.315	6.015	0.525	0.810	!	Kip-in	490.00	40.15	WF
18046	13.500	712.000	22.500	78.800	7.430	90.700	11.700	18.060	0.360	6.060	0.605	1.220	!	Kip-in	490.00	45.94	WF
18050	14.700	800.000	40.100	88.900	10.700	101.000	16.600	17.990	0.355	7.495	0.570	1.240	!	Kip-in	490.00	50.02	WF
18055	16.200	890.000	44.900	98.300	11.900	112.000	18.500	18.110	0.390	7.530	0.630	1.660	!	Kip-in	490.00	55.13	WF
18060	17.600	984.000	50.100	108.000	13.300	123.000	20.600	18.240	0.415	7.555	0.695	2.170	!	Kip-in	490.00	59.89	WF
18065	19.100	1070.000	54.800	117.000	14.400	133.000	22.500	18.350	0.450	7.590	0.750	2.730	!	Kip-in	490.00	64.99	WF
18071	20.800	1170.000	60.300	127.000	15.800	145.000	24.700	18.470	0.495	7.635	0.810	3.480	!	Kip-in	490.00	70.78	WF
18076	22.300	1330.000	152.000	146.000	27.600	163.000	42.200	18.210	0.425	11.035	0.680	2.830	!	Kip-in	490.00	75.88	WF
18086	25.300	1530.000	175.000	166.000	31.600	186.000	48.400	18.390	0.480	11.090	0.770	4.100	!	Kip-in	490.00	86.09	WF
18097	28.500	1750.000	201.000	188.000	36.100	211.000	55.300	18.590	0.535	11.145	0.870	5.860	!	Kip-in	490.00	96.98	WF
18106	31.100	1910.000	220.000	204.000	39.400	230.000	60.500	18.730	0.590	11.200	0.940	7.480	!	Kip-in	490.00	105.83	WF
18119	35.100	2190.000	253.000	231.000	44.900	261.000	69.100	18.970	0.655	11.265	1.060	10.600	!	Kip-in	490.00	119.44	WF
18130	38.200	2460.000	278.000	256.000	49.900	291.000	76.700	19.250	0.670	11.160	1.200	14.700	!	Kip-in	490.00	129.99	WF
18143	42.100	2750.000	311.000	282.000	55.500	322.000	85.400	19.490	0.730	11.220	1.320	19.400	!	Kip-in	490.00	143.26	WF
18158	46.300	3060.000	347.000	310.000	61.400	356.000	94.800	19.720	0.810	11.300	1.440	25.400	!	Kip-in	490.00	157.55	WF
18175	51.300	3450.000	391.000	344.000	68.800	398.000	106.000	20.040	0.890	11.375	1.590	34.200	!	Kip-in	490.00	174.56	WF
18192	56.400	3870.000	440.000	380.000	76.800	442.000	119.000	20.350	0.960	11.455	1.750	45.200	!	Kip-in	490.00	191.92	WF
18211	62.100	4330.000	493.000	419.000	85.300	490.000	132.000	20.670	1.060	11.555	1.910	59.300	!	Kip-in	490.00	211.31	WF
18234	68.800	4900.000	558.000	466.000	95.800	549.000	149.000	21.060	1.160	11.650	2.110	79.700	!	Kip-in	490.00	234.11	WF
18258	75.900	5510.000	628.000	514.000	107.000	611.000	166.000	21.460	1.280	11.770	2.300	104.000	!	Kip-in	490.00	258.27	WF
18283	83.200	6160.000	704.000	564.000	118.000	676.000	185.000	21.850	1.400	11.890	2.500	135.000	!	Kip-in	490.00	283.11	WF
18311	91.500	6960.000	795.000	624.000	132.000	753.000	207.000	22.320	1.520	12.005	2.740	177.000	!	Kip-in	490.00	311.35	WF
21044	13.000	843.000	20.700	81.600	6.360	95.400	10.200	20.660	0.350	6.500	0.450	0.770	!	Kip-in	490.00	44.24	WF
21050	14.700	984.000	24.900	94.500	7.640	110.000	12.200	20.830	0.380	6.530	0.535	1.140	!	Kip-in	490.00	50.02	WF
21057	16.700	1170.000	30.600	111.000	9.350	129.000	14.800	21.060	0.405	6.555	0.650	1.770	!	Kip-in	490.00	56.83	WF
21062	18.300	1330.000	57.500	127.000	13.900	144.000	21.700	20.990	0.400	8.240	0.615	1.830	!	Kip-in	490.00	62.27	WF
21068	20.000	1480.000	64.700	140.000	15.700	160.000	24.400	21.130	0.430	8.270	0.685	2.450	!	Kip-in	490.00	68.06	WF
21073	21.500	1600.000	70.600	151.000	17.000	172.000	26.600	21.240	0.455	8.295	0.740	3.020	!	Kip-in	490.00	73.16	WF
21083	24.300	1830.000	81.400	171.000	19.500	196.000	30.500	21.430	0.515	8.355	0.835	4.340	!	Kip-in	490.00	82.69	WF
21093	27.300	2070.000	92.900	192.000	22.100	221.000	34.700	21.620	0.580	8.420	0.930	6.030	!	Kip-in	490.00	92.90	WF
21101	29.800	2420.000	248.000	227.000	40.300	253.000	61.700	21.360	0.500	12.290	0.800	5.210	!	Kip-in	490.00	101.40	WF
21111	32.700	2670.000	274.000	249.000	44.500	279.000	68.200	21.510	0.550	12.340	0.875	6.830	!	Kip-in	490.00	111.27	WF
21122	35.900	2960.000	305.000	273.000	49.200	307.000	75.600	21.680	0.600	12.390	0.960	8.980	!	Kip-in	490.00	122.16	WF
21132	38.800	3220.000	333.000	295.000	53.500	333.000	82.300	21.830	0.650	12.440	1.035	11.300	!	Kip-in	490.00	132.03	WF
21147	43.200	3630.000	376.000	329.000	60.100	373.000	92.600	22.060	0.720	12.510	1.150	15.400	!	Kip-in	490.00	147.00	WF
21166	48.800	4280.000	435.000	380.000	70.100	432.000	108.000	22.480	0.750	12.420	1.360	23.900	!	Kip-in	490.00	166.06	WF
21182	53.600	4730.000	483.000	417.000	77.200	476.000	119.000	22.720	0.830	12.500	1.480	31.000	!	Kip-in	490.00	182.39	WF
21201	59.200	5310.000	542.000	461.000	86.100	530.000	133.000	23.030	0.910	12.575	1.630	41.300	!	Kip-in	490.00	201.44	WF
21223	65.400	5950.000	609.000	510.000	96.100	589.000	149.000	23.350	1.000	12.675	1.790	54.900	!	Kip-in	490.00	222.54	WF
21248	72.800	6760.000	694.000	569.000	109.000	663.000	169.000	23.740	1.100	12.775	1.990	75.200	!	Kip-in	490.00	247.72	WF
21275	80.800	7620.000	785.000	632.000	122.000	741.000	189.000	24.130	1.220	12.890	2.190	101.000	!	Kip-in	490.00	274.94	WF
21300	88.200	8480.000	873.000	692.000	134.000	816.000	210.000	24.530	1.320	12.990	2.380	130.000	!	Kip-in	490.00	300.13	WF
21333	97.900	9610.000	994.000	769.000	151.000	915.000	237.000	25.000	1.460	13.130	2.620	174.000	!	Kip-in	490.00	333.13	WF
21364	107.000	10800.000	1120.000	846.000	168.000	1010.000	263.000	25.470	1.590	13.265	2.850	225.000	!	Kip-in	490.00	364.10	WF
21402	118.000	12200.000	1270.000	937.000	189.000	1130.000	296.000	26.020	1.730	13.405	3.130	297.000	!	Kip-in	490.00	401.53	WF
24055	16.200	1350.000	29.100	114.000	8.300	134.000	13.300	23.570	0.395	7.005	0.505	1.180	!	Kip-in	490.00	55.13	WF
24062	18.200	1550.000	34.500	131.000	9.800	153.000	15.700	23.740	0.430	7.040	0.590	1.710	!	Kip-in	490.00	61.93	WF
24068	20.100	1830.000	70.400	154.000	15.700	177.000	24.500	23.730	0.415	8.965	0.585	1.870	!	Kip-in	490.00	68.40	WF
24076	22.400	2100.000	82.500	176.000	18.400	200.000	28.600	23.920	0.440	8.990	0.680	2.680	!	Kip-in	490.00	76.22	WF
24084	24.700	2370.000	94.400	196.000	20.900	224.000	32.600	24.100	0.470	9.020	0.770	3.700	!	Kip-in	490.00	84.05	WF
24094	27.700	2700.000	109.000	222.000	24.000	254.000	37.500	24.310	0.515	9.065	0.875	5.260	!	Kip-in	490.00	94.26	WF
24103	30.300	3000.000	119.000	245.000	26.500	280.000	41.500	24.530	0.550	9.000	0.980	7.100	!	Kip-in	490.00	103.10	WF
24104	30.600	3100.000	259.000	258.000	40.700	289.000	62.400	24.060	0.500	12.750	0.750	4.720	!	Kip-in	490.00	104.13	WF
24117	34.400	3540.000	297.000	291.000	46.500	327.000	71.400	24.260	0.550	12.800	0.850	6.720	!	Kip-in	490.00	117.06	WF
24131	38.500	4020.000	340.000	329.000	53.000	370.000	81.500	24.480	0.605	12.855	0.960	9.500	!	Kip-in	490.00	131.01	WF
24146	43.000	4580.000	391.000	371.000	60.500	418.000	93.200	24.740	0.650	12.900	1.090	13.400	!	Kip-in	490.00	146.32	WF
24162	47.700	5170.000	443.000	414.000	68.400	468.000	105.000	25.000	0.705	12.955	1.220	18.500	!	Kip-in	490.00	162.31	WF
24176	51.700	5680.000	479.000	450.000	74.300	511.000	115.000	25.240	0.750	12.890	1.340	24.100	!	Kip-in	490.00	175.92	WF
24192	56.300	6260.000	530.000	491.000	81.800	559.000	126.000	25.470	0.810	12.950	1.460	31.000	!	Kip-in	490.00	191.58	WF
24207	60.700	6820.000	578.000	531.000	88.800	606.000	137.000	25.710	0.870	13.010	1.570	38.600	!	Kip-in	490.00	206.55	WF
24229	67.200	7650.000	651.000	588.000	99.400	676.000	154.000	26.020	0.960	13.110	1.730	51.800	!	Kip-in	490.00	228.67	WF
24250	73.500	8490.000	724.000	644.000	110.000	744.000	171.000	26.340	1.040	13.185	1.890	67.300	!	Kip-in	490.00	250.10	WF
24279	82.000	9600.000	823.000	718.000	124.000	835.000	193.000	26.730	1.160	13.305	2.090	91.700	!	Kip-in	490.00	279.03	WF
24306	89.800	10700.000	919.000	789.000	137.000	922.000	214.000	27.130	1.260	13.405	2.280	119.000	!	Kip-in	490.00	305.57	WF
24335	98.400	11900.000	1030.000	864.000	152.000	1020.000	238.000	27.520	1.380	13.520	2.480	154.000	!	Kip-in	490.00	334.83	WF
24370	108.000	13400.000	1160.000	957.000	170.000	1120.000	267.000	27.990	1.520	13.660	2.720	205.000	!	Kip-in	490.00	367.50	WF
24408	119.000	15100.000	1320.000	1060.000	191.000	1250.000	300.000	28.540	1.650	13.800	2.990	271.000	!	Kip-in	490.00	404.93	WF
24450	132.000	17100.000	1490.000	1170.000	214.000	1410.000	337.000	29.090	1.810	13.955	3.270	357.000	!	Kip-in	490.00	449.17	WF
24492	144.000	19100.000	1670.000	1290.000	237.000	1550.000	375.000	29.650	1.970	14.115	3.540	456.000	!	Kip-in	490.00	490.00	WF
27084	24.800	2850.000	106.000	213.000	21.200	244.000	33.200	26.710	0.460	9.960	0.640	2.810	!	Kip-in	490.00	84.39	WF
27094	27.700	3270.000	124.000	243.000	24.800	278.000	38.800	26.920	0.490	9.990	0.745	4.030	!	Kip-in	490.00	94.26	WF
27102	30.000	3620.000	139.000	267.000	27.800	305.000	43.400	27.090	0.515	10.015	0.830	5.290	!	Kip-in	490.00	102.08	WF
27114	33.500	4090.000	159.000	299.000	31.500	343.000	49.300	27.290	0.570	10.070	0.930	7.330	!	Kip-in	490.00	113.99	WF
27129	37.800	4760.000	184.000	345.000	36.800	395.000	57.600	27.630	0.610	10.010	1.100	11.200	!	Kip-in	490.00	128.63	WF
27146	42.900	5630.000	443.000	411.000	63.500	461.000	97.500	27.380	0.605	13.965	0.975	10.900	!	Kip-in	490.00	145.98	WF
27161	47.400	6280.000	497.000	455.000	70.900	512.000	109.000	27.590	0.660	14.020	1.080	14.700	!	Kip-in	490.00	161.29	WF
27178	52.300	6990.000	555.000	502.000	78.800	567.000	122.000	27.810	0.725	14.085	1.190	19.500	!	Kip-in	490.00	177.97	WF
27194	57.000	7820.000	618.000	556.000	88.100	628.000	136.000	28.110	0.750	14.035	1.340	26.500	!	Kip-in	490.00	193.96	WF
27217	63.800	8870.000	704.000	624.000	99.800	708.000	154.000	28.430	0.830	14.115	1.500	37.000	!	Kip-in	490.00	217.10	WF
27235	69.100	9660.000	768.000	674.000	108.000	769.000	168.000	28.660	0.910	14.190	1.610	46.300	!	Kip-in	490.00	235.13	WF
27258	75.700	10800.000	859.000	742.000	120.000	850.000	187.000	28.980	0.980	14.270	1.770	61.000	!	Kip-in	490.00	257.59	WF
27281	82.600	11900.000	953.000	811.000	133.000	933.000	206.000	29.290	1.060	14.350	1.930	78.800	!	Kip-in	490.00	281.07	WF
27307	90.200	13100.000	1050.000	884.000	146.000	1020.000	227.000	29.610	1.160	14.445	2.090	101.000	!	Kip-in	490.00	306.93	WF
27336	98.700	14500.000	1170.000	970.000	161.000	1130.000	252.000	30.000	1.260	14.545	2.280	131.000	!	Kip-in	490.00	335.85	WF
27368	108.000	16100.000	1310.000	1060.000	179.000	1240.000	279.000	30.390	1.380	14.665	2.480	169.000	!	Kip-in	490.00	367.50	WF
27407	119.000	18100.000	1480.000	1170.000	200.000	1380.000	313.000	30.870	1.520	14.800	2.720	225.000	!	Kip-in	490.00	404.93	WF
27448	131.000	20400.000	1670.000	1300.000	224.000	1530.000	351.000	31.420	1.650	14.940	2.990	297.000	!	Kip-in	490.00	445.76	WF
27494	145.000	22900.000	1890.000	1440.000	250.000	1710.000	394.000	31.970	1.810	15.095	3.270	391.000	!	Kip-in	490.00	493.40	WF
27539	158.000	25500.000	2110.000	1570.000	277.000	1880.000	437.000	32.520	1.970	15.255	3.540	499.000	!	Kip-in	490.00	537.64	WF
30090	26.400	3620.000	115.000	245.000	22.100	283.000	34.700	29.530	0.470	10.400	0.610	2.920	!	Kip-in	490.00	89.83	WF
30099	29.100	3990.000	128.000	269.000	24.500	312.000	38.600	29.650	0.520	10.450	0.670	3.770	!	Kip-in	490.00	99.02	WF
30108	31.700	4470.000	146.000	299.000	27.900	346.000	43.900	29.830	0.545	10.475	0.760	4.990	!	Kip-in	490.00	107.87	WF
30116	34.200	4930.000	164.000	329.000	31.300	378.000	49.200	30.010	0.565	10.495	0.850	6.430	!	Kip-in	490.00	116.38	WF
30124	36.500	5360.000	181.000	355.000	34.400	408.000	54.000	30.170	0.585	10.515	0.930	7.990	!	Kip-in	490.00	124.20	WF
30132	38.900	5770.000	196.000	380.000	37.200	437.000	58.400	30.310	0.615	10.545	1.000	9.720	!	Kip-in	490.00	132.37	WF
30148	43.500	6680.000	227.000	436.000	43.300	500.000	68.000	30.670	0.650	10.480	1.180	14.600	!	Kip-in	490.00	148.02	WF
30173	50.800	8200.000	598.000	539.000	79.800	605.000	123.000	30.440	0.655	14.985	1.065	15.300	!	Kip-in	490.00	172.86	WF
30191	56.100	9170.000	673.000	598.000	89.500	673.000	138.000	30.680	0.710	15.040	1.185	20.600	!	Kip-in	490.00	190.90	WF
30211	62.000	10300.000	757.000	663.000	100.000	749.000	154.000	30.940	0.775	15.105	1.315	27.900	!	Kip-in	490.00	210.97	WF
30235	69.000	11700.000	855.000	746.000	114.000	845.000	175.000	31.300	0.830	15.055	1.500	40.000	!	Kip-in	490.00	234.79	WF
30261	76.700	13100.000	959.000	827.000	127.000	941.000	196.000	31.610	0.930	15.155	1.650	53.800	!	Kip-in	490.00	260.99	WF
30292	85.700	14900.000	1100.000	928.000	144.000	1060.000	223.000	32.010	1.020	15.255	1.850	74.900	!	Kip-in	490.00	291.62	WF
30326	95.700	16800.000	1240.000	1030.000	162.000	1190.000	252.000	32.400	1.140	15.370	2.050	103.000	!	Kip-in	490.00	325.65	WF
30357	104.000	18600.000	1390.000	1140.000	179.000	1300.000	279.000	32.800	1.240	15.470	2.240	134.000	!	Kip-in	490.00	353.89	WF
30391	114.000	20700.000	1550.000	1250.000	198.000	1430.000	310.000	33.190	1.360	15.590	2.440	174.000	!	Kip-in	490.00	387.92	WF
30433	127.000	23200.000	1750.000	1380.000	222.000	1610.000	348.000	33.660	1.500	15.725	2.680	231.000	!	Kip-in	490.00	432.15	WF
30477	140.000	26100.000	1970.000	1530.000	249.000	1790.000	390.000	34.210	1.630	15.865	2.950	307.000	!	Kip-in	490.00	476.39	WF
30526	154.000	29300.000	2230.000	1680.000	278.000	1990.000	438.000	34.760	1.790	16.020	3.230	405.000	!	Kip-in	490.00	524.03	WF
30581	170.000	33000.000	2530.000	1870.000	312.000	2210.000	492.000	35.390	1.970	16.200	3.540	537.000	!	Kip-in	490.00	578.47	WF
33118	34.700	5900.000	187.000	359.000	32.600	415.000	51.300	32.860	0.550	11.480	0.740	5.300	!	Kip-in	490.00	118.08	WF
33130	38.300	6710.000	218.000	406.000	37.900	467.000	59.500	33.090	0.580	11.510	0.855	7.370	!	Kip-in	490.00	130.33	WF
33141	41.600	7450.000	246.000	448.000	42.700	514.000	66.900	33.300	0.605	11.535	0.960	9.700	!	Kip-in	490.00	141.56	WF
33152	44.700	8160.000	273.000	487.000	47.200	559.000	73.900	33.490	0.635	11.565	1.055	12.400	!	Kip-in	490.00	152.10	WF
33169	49.500	9290.000	310.000	549.000	53.900	629.000	84.400	33.820	0.670	11.500	1.220	17.700	!	Kip-in	490.00	168.44	WF
33201	59.100	11500.000	749.000	684.000	95.200	772.000	147.000	33.680	0.715	15.745	1.150	20.500	!	Kip-in	490.00	201.10	WF
33221	65.000	12800.000	840.000	757.000	106.000	855.000	164.000	33.930	0.775	15.805	1.275	27.500	!	Kip-in	490.00	221.18	WF
33241	70.900	14200.000	932.000	829.000	118.000	939.000	182.000	34.180	0.830	15.860	1.400	35.800	!	Kip-in	490.00	241.26	WF
33263	77.400	15800.000	1030.000	917.000	131.000	1040.000	202.000	34.530	0.870	15.805	1.570	48.500	!	Kip-in	490.00	263.38	WF
33291	85.600	17700.000	1160.000	1010.000	146.000	1150.000	226.000	34.840	0.960	15.905	1.730	65.000	!	Kip-in	490.00	291.28	WF
33318	93.500	19500.000	1290.000	1110.000	161.000	1270.000	250.000	35.160	1.040	15.985	1.890	84.400	!	Kip-in	490.00	318.16	WF
33354	104.000	21900.000	1460.000	1230.000	181.000	1420.000	282.000	35.550	1.160	16.100	2.090	115.000	!	Kip-in	490.00	353.89	WF
33387	113.000	24300.000	1620.000	1350.000	200.000	1550.000	312.000	35.950	1.260	16.200	2.280	149.000	!	Kip-in	490.00	384.51	WF
33424	124.000	26900.000	1800.000	1480.000	221.000	1700.000	345.000	36.340	1.380	16.315	2.480	193.000	!	Kip-in	490.00	421.94	WF
33468	137.000	30100.000	2030.000	1630.000	247.000	1890.000	387.000	36.810	1.520	16.455	2.720	256.000	!	Kip-in	490.00	466.18	WF
33515	151.000	33700.000	2290.000	1810.000	276.000	2110.000	433.000	37.360	1.650	16.590	2.990	338.000	!	Kip-in	490.00	513.82	WF
33567	166.000	37700.000	2580.000	1990.000	308.000	2330.000	485.000	37.910	1.810	16.750	3.270	444.000	!	Kip-in	490.00	564.86	WF
33619	181.000	41800.000	2870.000	2170.000	340.000	2560.000	537.000	38.470	1.970	16.910	3.540	567.000	!	Kip-in	490.00	615.90	WF
36135	39.700	7800.000	225.000	439.000	37.700	509.000	59.700	35.550	0.600	11.950	0.790	6.990	!	Kip-in	490.00	135.09	WF
36150	44.200	9040.000	270.000	504.000	45.100	581.000	70.900	35.850	0.625	11.975	0.940	10.100	!	Kip-in	490.00	150.40	WF
36160	47.000	9750.000	295.000	542.000	49.100	624.000	77.300	36.010	0.650	12.000	1.020	12.400	!	Kip-in	490.00	159.93	WF
36170	50.000	10500.000	320.000	580.000	53.200	668.000	83.800	36.170	0.680	12.030	1.100	15.100	!	Kip-in	490.00	170.14	WF
36182	53.600	11300.000	347.000	623.000	57.600	718.000	90.700	36.330	0.725	12.075	1.180	18.400	!	Kip-in	490.00	182.39	WF
36194	57.000	12100.000	375.000	664.000	61.900	767.000	97.700	36.490	0.765	12.115	1.260	22.200	!	Kip-in	490.00	193.96	WF
36210	61.800	13200.000	411.000	719.000	67.500	833.000	107.000	36.690	0.830	12.180	1.360	28.000	!	Kip-in	490.00	210.29	WF
36232	68.100	15000.000	468.000	809.000	77.200	936.000	122.000	37.120	0.870	12.120	1.570	39.800	!	Kip-in	490.00	231.73	WF
36256	75.400	16800.000	528.000	895.000	86.500	1040.000	137.000	37.430	0.960	12.215	1.730	53.300	!	Kip-in	490.00	256.57	WF
36230	67.600	15000.000	940.000	837.000	114.000	943.000	176.000	35.900	0.760	16.470	1.260	28.600	!	Kip-in	490.00	230.03	WF
36245	72.100	16100.000	1010.000	895.000	123.000	1010.000	190.000	36.080	0.800	16.510	1.350	34.600	!	Kip-in	490.00	245.34	WF
36260	76.500	17300.000	1090.000	953.000	132.000	1080.000	204.000	36.260	0.840	16.550	1.440	41.500	!	Kip-in	490.00	260.31	WF
36280	82.400	18900.000	1200.000	1030.000	144.000	1170.000	223.000	36.520	0.885	16.595	1.570	52.600	!	Kip-in	490.00	280.39	WF
36300	88.300	20300.000	1300.000	1110.000	156.000	1260.000	241.000	36.740	0.945	16.655	1.680	64.200	!	Kip-in	490.00	300.47	WF
36328	96.400	22500.000	1420.000	1210.000	171.000	1380.000	265.000	37.090	1.020	16.630	1.850	84.500	!	Kip-in	490.00	328.03	WF
36359	105.000	24800.000	1570.000	1320.000	188.000	1510.000	292.000	37.400	1.120	16.730	2.010	109.000	!	Kip-in	490.00	357.29	WF
36393	115.000	27500.000	1750.000	1450.000	208.000	1660.000	325.000	37.800	1.220	16.830	2.200	143.000	!	Kip-in	490.00	391.32	WF
36395	116.000	28500.000	1750.000	1490.000	208.000	1710.000	325.000	38.400	1.220	16.800	2.200	142.000	!	Kip-in	490.00	394.72	WF
36439	128.000	31000.000	1990.000	1620.000	235.000	1860.000	367.000	38.260	1.360	16.965	2.440	195.000	!	Kip-in	490.00	435.56	WF
36441	130.000	32100.000	1990.000	1650.000	235.000	1910.000	368.000	38.900	1.360	17.000	2.440	194.000	!	Kip-in	490.00	442.36	WF
36487	143.000	36000.000	2250.000	1830.000	263.000	2130.000	412.000	39.300	1.500	17.100	2.680	258.000	!	Kip-in	490.00	486.60	WF
36527	154.000	38300.000	2490.000	1950.000	289.000	2270.000	454.000	39.210	1.610	17.220	2.910	330.000	!	Kip-in	490.00	524.03	WF
36529	156.000	39600.000	2490.000	1990.000	289.000	2330.000	454.000	39.800	1.610	17.200	2.910	327.000	!	Kip-in	490.00	530.83	WF
36588	172.000	43500.000	2850.000	2180.000	328.000	2550.000	517.000	39.840	1.790	17.400	3.230	453.000	!	Kip-in	490.00	585.28	WF
36650	190.000	48900.000	3230.000	2420.000	367.000	2840.000	580.000	40.470	1.970	17.575	3.540	600.000	!	Kip-in	490.00	646.53	WF
36652	192.000	50600.000	3230.000	2460.000	367.000	2910.000	581.000	41.100	1.970	17.625	3.540	593.000	!	Kip-in	490.00	653.33	WF
36720	211.000	55300.000	3680.000	2690.000	414.000	3190.000	656.000	41.190	2.165	17.775	3.900	804.000	!	Kip-in	490.00	717.99	WF
36798	234.000	62600.000	4200.000	2980.000	467.000	3570.000	743.000	41.970	2.380	17.990	4.290	1070.000	!	Kip-in	490.00	796.25	WF
36848	249.000	67400.000	4550.000	3170.000	501.000	3830.000	799.000	42.450	2.520	18.130	4.530	1270.000	!	Kip-in	490.00	847.29	WF
36925	272.000	73000.000	4940.000	3390.000	531.000	4130.000	862.000	43.100	3.020	18.600	4.530	1430.000	!	Kip-in	490.00	925.56	WF
40149	43.800	9780.000	229.000	512.000	38.800	597.000	62.200	38.200	0.630	11.810	0.830	9.620	!	Kip-in	490.00	149.04	WF
40167	49.100	11600.000	283.000	599.000	47.900	692.000	76.000	38.590	0.650	11.810	1.025	14.000	!	Kip-in	490.00	167.08	WF
40183	53.700	13300.000	336.000	682.000	56.900	781.000	89.600	38.980	0.650	11.810	1.220	19.600	!	Kip-in	490.00	182.73	WF
40199	58.400	14900.000	695.000	769.000	88.200	868.000	137.000	38.670	0.650	15.750	1.065	18.100	!	Kip-in	490.00	198.72	WF
40215	63.300	16700.000	796.000	858.000	101.000	963.000	156.000	38.980	0.650	15.750	1.220	24.400	!	Kip-in	490.00	215.40	WF
40249	73.300	19500.000	926.000	992.000	118.000	1120.000	182.000	39.380	0.750	15.750	1.420	37.700	!	Kip-in	490.00	249.42	WF
40277	81.300	21900.000	1040.000	1100.000	132.000	1250.000	204.000	39.690	0.830	15.830	1.575	51.100	!	Kip-in	490.00	276.65	WF
40297	87.400	23200.000	1090.000	1170.000	138.000	1330.000	215.000	39.840	0.930	15.825	1.650	61.200	!	Kip-in	490.00	297.40	WF
40324	95.300	25600.000	1220.000	1280.000	153.000	1460.000	239.000	40.160	1.000	15.905	1.810	79.400	!	Kip-in	490.00	324.28	WF
40362	106.000	28900.000	1380.000	1420.000	173.000	1630.000	270.000	40.550	1.120	16.020	2.010	109.000	!	Kip-in	490.00	360.69	WF
40397	116.000	32000.000	1540.000	1560.000	191.000	1790.000	300.000	40.950	1.220	16.120	2.200	142.000	!	Kip-in	490.00	394.72	WF
40436	128.000	35400.000	1720.000	1710.000	212.000	1980.000	334.000	41.340	1.340	16.240	2.400	186.000	!	Kip-in	490.00	435.56	WF
40480	140.000	39500.000	1940.000	1890.000	237.000	2180.000	374.000	41.810	1.460	16.360	2.640	245.000	!	Kip-in	490.00	476.39	WF
40531	156.000	44300.000	2200.000	2090.000	266.000	2450.000	422.000	42.340	1.610	16.510	2.910	329.000	!	Kip-in	490.00	530.83	WF
40593	174.000	50400.000	2520.000	2340.000	302.000	2750.000	481.000	42.990	1.790	16.690	3.230	451.000	!	Kip-in	490.00	592.08	WF
40655	192.000	56500.000	2860.000	2590.000	339.000	3060.000	541.000	43.620	1.970	16.870	3.540	596.000	!	Kip-in	490.00	653.33	WF
36361	106.000	25700.000	1570.000	1350.000	188.000	1550.000	293.000	38.000	1.120	16.700	2.010	109.000	!	Kip-in	490.00	360.69	WF
36395	116.000	28500.000	1750.000	1490.000	208.000	1710.000	325.000	38.400	1.220	16.800	2.200	142.000	!	Kip-in	490.00	394.72	WF
36441	130.000	32100.000	1990.000	1650.000	235.000	1910.000	368.000	38.900	1.360	17.000	2.440	194.000	!	Kip-in	490.00	442.36	WF
36487	143.000	36000.000	2250.000	1830.000	263.000	2130.000	412.000	39.300	1.500	17.100	2.680	258.000	!	Kip-in	490.00	486.60	WF
36529	156.000	39600.000	2490.000	1990.000	289.000	2330.000	454.000	39.800	1.610	17.200	2.910	327.000	!	Kip-in	490.00	530.83	WF
36652	192.000	50600.000	3230.000	2460.000	367.000	2910.000	581.000	41.100	1.970	17.600	3.540	593.000	!	Kip-in	490.00	653.33	WF
36925	272.000	73000.000	4940.000	3390.000	531.000	4130.000	862.000	43.100	3.020	18.600	4.530	1430.000	!	Kip-in	490.00	925.56	WF
36282	82.900	19600.000	1200.000	1050.000	144.000	1190.000	223.000	37.100	0.885	16.600	1.570	52.700	!	Kip-in	490.00	282.09	WF
10000	50.000	1000.000	1000.000	250.000	250.000	300.000	300.000	15.000	0.750	15.000	0.750	10.000	!	Kip-in	490.00	170.14	WF
0	0.000	0.000	0.000	0.000	0.000	0.000	0.000	0.000	0.000	0.000	0.000	0.000	!	Kip-in	490.00	0.00	WF
