0 0 6000
-0.250393 -0.062951 -0.638188 -2.383243 -4.294480
-5.327727 -5.766524 -6.564516 -7.696441 -8.085910
-7.196836 -6.141434 -6.462585 -8.175182 -9.101950
-6.499098 0.815353 11.754034 23.489323 32.588760
36.114495 33.207701 25.285776 15.220140 5.811406
-0.439128 -2.100389 0.422941 4.825975 8.879014
11.508638 12.136427 10.044862 5.286874 -0.459054
-5.335550 -9.088958 -12.845914 -17.443666 -22.441440
-26.767269 -29.604869 -30.508994 -29.556647 -27.160576
-24.099642 -20.762951 -16.584101 -10.473207 -2.087897
7.197623 14.936498 19.158623 19.131838 15.248788
8.464029 0.255905 -7.540654 -13.187769 -15.729016
-15.258631 -12.584941 -8.939352 -5.590627 -3.814953
-4.001186 -5.554713 -6.899439 -6.900774 -5.254526
-2.826766 -0.634547 0.797242 1.800148 3.237001
5.512468 8.340928 10.747024 11.798008 11.026809
8.485810 4.665050 0.077559 -4.865456 -10.129114
-15.869180 -21.809405 -26.742630 -28.705848 -26.421055
-20.112164 -11.502513 -2.700782 4.400794 8.547621
9.448193 7.695260 4.478515 0.994092 -1.515094
-2.192515 -1.111720 0.997242 3.706722 7.546442
12.926889 19.293662 25.269368 29.518445 30.851550
28.192857 21.201023 10.881868 -0.774975 -11.714543
-20.517851 -25.979082 -27.265566 -23.856645 -16.185836
-5.862980 4.688717 13.046824 18.301200 21.032241
22.703214 24.186960 25.492244 26.080656 25.599895
24.368849 23.322855 23.613339 25.661235 28.554274
30.110199 27.787346 19.973429 7.018490 -8.552424
-23.100741 -33.563727 -38.671576 -38.832847 -35.504260
-30.562292 -25.738531 -22.149699 -19.958228 -18.951005
-18.605475 -18.123738 -16.138157 -11.548490 -4.251173
4.733532 13.827531 20.925361 24.084204 21.981650
14.953513 4.622702 -6.156681 -13.669989 -15.320442
-11.505548 -5.551957 -0.328604 3.138576 4.376868
2.000783 -4.123498 -11.115332 -14.443694 -11.790921
-3.845964 6.862585 17.539963 25.225540 27.393295
23.473969 15.350039 6.722821 0.754034 -1.717319
-2.320357 -3.198025 -4.986081 -6.888963 -8.608075
-11.090135 -15.395279 -21.009407 -25.901175 -28.096007
-26.620852 -21.426729 -13.085397 -3.027159 5.892485
11.007458 11.400817 9.302737 8.010628 9.710610
13.945895 18.577916 21.062593 19.660197 14.046882
5.668886 -2.565370 -7.418883 -6.594352 0.103149
10.719391 22.238538 32.194055 39.107796 42.138211
40.972359 36.772118 31.788519 28.012682 25.375540
22.709152 18.901143 14.009369 8.573211 3.415253
-0.151575 -0.746231 2.341334 8.122868 14.343278
18.455530 18.597207 13.578193 3.068891 -12.303478
-29.880649 -45.991286 -57.303035 -62.970622 -63.574676
-59.546660 -50.169191 -35.431804 -17.698783 -1.001205
11.196828 17.966301 20.269644 20.122018 19.433819
19.689064 21.431059 23.939684 25.953885 26.587087
25.920421 24.599743 22.391294 18.560992 11.781079
1.949246 -10.542105 -24.108997 -36.876698 -46.155069
-49.625885 -46.452927 -37.661342 -25.667192 -12.944462
-2.148198 3.933457 2.955263 -5.878728 -20.725922
-37.701106 -52.067408 -60.271533 -61.211882 -56.432958
-48.726966 -39.692834 -28.688097 -14.335011 2.405651
17.549178 26.640291 27.479473 20.224394 6.156681
-12.471200 -31.841669 -47.336594 -55.810912 -56.707879
-51.803046 -43.008753 -32.177495 -20.389232 -9.117698
0.908197 9.388564 16.999663 24.512943 32.534222
40.810942 47.705909 50.511710 46.603753 35.316465
17.833325 -3.342907 -25.744928 -46.747938 -63.229696
-72.303005 -72.275253 -64.133730 -50.282120 -33.823554
-17.038358 -2.101571 9.218360 15.615717 17.196844
15.784614 14.217181 15.463749 20.644244 28.522778
35.094456 36.329849 30.379957 18.805868 4.710078
-9.742500 -23.698170 -36.611738 -46.662800 -51.787298
-50.834981 -44.421171 -33.997571 -20.980273 -6.719678
7.214552 19.080522 27.455063 31.363174 30.464112
25.463165 18.860592 13.677955 12.088952 13.569256
16.119259 18.109828 19.518071 21.219464 22.690112
22.193716 17.914925 10.532334 2.309051 -4.610702
-9.420060 -11.618939 -9.461398 -1.272071 12.279897
26.685203 35.860558 35.903535 26.980655 12.635426
-3.185427 -17.504983 -28.755061 -35.955225 -37.962916
-33.578306 -22.015704 -4.632240 14.957450 31.643165
41.192831 41.430244 32.503872 16.201209 -4.611408
-26.640579 -46.275498 -60.149482 -65.649475 -62.076722
-50.673127 -33.994654 -15.111781 2.893896 17.252328
26.423313 30.229861 29.719267 26.310971 22.161001
19.534607 19.894449 22.732632 25.600231 25.858216
21.596565 12.795644 0.863478 -11.178324 -19.621334
-21.400351 -15.854947 -5.770067 3.895766 8.193684
4.771686 -5.437784 -18.737221 -30.435372 -36.636718
-34.829064 -24.377135 -6.111799 16.638027 39.405433
57.666141 69.200649 73.545928 71.196708 62.716339
48.645572 30.438978 10.116909 -9.219054 -24.528691
-33.196362 -33.481429 -24.717547 -7.353135 16.044490
40.854249 61.500440 73.401428 74.648737 65.775459
48.823426 26.351916 1.058321 -23.612945 -44.279683
-57.440830 -61.048051 -54.224301 -38.523658 -17.093273
5.682975 25.442863 38.636942 43.090465 38.999426
28.554274 15.184913 2.232279 -7.609125 -12.307062
-11.118964 -4.404322 6.292719 19.166497 32.035862
42.629836 48.955445 49.728247 45.146055 36.048353
24.186601 11.061395 -1.440207 -12.134228 -20.393630
-26.656640 -31.311186 -34.195601 -34.296459 -30.414900
-21.846504 -9.210218 4.743278 16.035007 20.782353
17.462957 6.379522 -10.446829 -30.823606 -51.944778
-71.339511 -86.547071 -95.723025 -97.562797 -91.862761
-79.610077 -62.383249 -41.787318 -18.877909 5.124399
28.641555 49.177067 64.228797 72.031352 72.526071
67.255771 58.354171 47.810928 36.918890 26.625537
17.806213 10.901553 6.134496 2.627160 -0.337883
-3.794874 -7.464922 -10.945254 -13.227853 -14.090129
-13.474929 -11.622811 -8.607180 -4.404322 0.399925
4.989754 7.709620 7.539749 3.555350 -3.686213
-13.208274 -23.090899 -31.808234 -38.202679 -41.892247
-43.086528 -42.177809 -39.842440 -36.438926 -32.111747
-26.267760 -18.081460 -6.897378 7.257072 23.488151
40.409368 55.984612 68.106163 74.476052 73.535286
64.447761 47.873920 25.941635 2.176767 -19.287362
-35.057804 -43.126229 -43.326685 -36.617803 -24.772391
-9.876907 5.872035 20.554082 32.911745 42.306144
48.586517 51.680794 51.763676 48.962938 43.771566
36.431281 27.780259 18.718483 10.989348 6.010268
4.814164 7.404388 12.891706 19.914453 26.631836
31.509739 33.195603 31.208677 25.751917 18.039413
10.001161 3.863300 1.522832 3.703065 9.975571
18.575724 27.251520 33.483161 35.447567 32.446820
25.139320 15.109006 4.089756 -6.529125 -15.799968
-23.343247 -28.994824 -32.990379 -35.183788 -35.176377
-32.223558 -26.156361 -17.933429 -9.452852 -3.066136
-0.412230 -1.970862 -6.533459 -11.705882 -14.959325
-14.558239 -10.207210 -2.724404 6.155513 14.311389
19.820065 21.247595 18.123598 10.658640 0.143447
-11.689740 -22.690600 -31.278678 -36.352236 -37.686932
-35.593426 -30.898363 -24.753704 -18.349570 -12.794982
-8.971636 -7.407173 -8.239747 -10.850532 -14.296034
-17.480914 -19.825551 -21.062758 -21.251139 -20.637326
-19.464134 -17.796279 -15.095245 -10.801998 -4.774400
1.997903 7.828331 10.997710 10.523207 6.486432
-0.483070 -9.353599 -19.237757 -28.739045 -36.390085
-40.184254 -38.705828 -30.947052 -17.381461 0.323898
19.381851 36.944392 50.665253 58.900331 60.440824
54.936804 42.866056 26.038165 6.674396 -12.667369
-30.395215 -45.722613 -58.720355 -68.771481 -74.121899
-72.326257 -62.051057 -44.635092 -24.022393 -5.547481
6.352743 9.181826 3.111411 -10.059314 -27.290103
-45.531385 -61.850270 -73.972380 -80.243934 -79.474077
-71.354188 -56.102120 -35.334969 -11.105888 13.538949
35.909723 53.432964 64.745465 69.306948 67.267515
59.362086 46.604033 30.755844 13.249061 -4.852352
-23.073991 -40.988107 -57.287917 -70.598284 -78.986826
-81.759679 -78.337343 -69.279389 -54.838827 -35.668039
-12.524038 13.019265 38.143341 59.460511 73.342491
77.700632 71.684357 56.440832 33.963130 7.303922
-20.240074 -45.358177 -65.065933 -77.318743 -80.810752
-75.802998 -63.624133 -47.019591 -28.874941 -11.827535
2.650667 14.005878 22.428963 28.386951 32.119985
33.621980 32.305667 27.675141 19.441968 8.383054
-3.666975 -13.931862 -19.600003 -18.891301 -11.885834
-0.696062 11.300233 20.778305 25.825307 26.179869
22.771544 16.564140 8.456900 -1.017715 -11.081450
-20.782242 -28.542918 -32.480250 -31.092180 -23.451922
-9.635701 9.565729 31.631700 52.684934 68.189348
74.763630 70.928618 57.255791 35.804511 9.854705
-16.801924 -40.106219 -56.615182 -63.763652 -60.815036
-48.728249 -30.117259 -8.323212 13.383719 32.118833
45.963132 53.606192 55.044417 51.106197 43.439775
33.945601 24.262637 16.070047 10.448813 8.562975
10.801578 16.886974 24.976492 32.045212 34.936016
31.560567 21.834422 7.259828 -9.477792 -25.386563
-37.744025 -44.543218 -44.918839 -39.105827 -28.563948
-15.377135 -1.800191 10.470845 20.448307 27.849551
32.792312 35.647567 36.808991 36.570399 34.837817
31.353481 25.780962 18.245239 9.117255 -0.834250
-10.678259 -19.354292 -25.931696 -29.856239 -30.910899
-29.127107 -24.832501 -18.692482 -11.948203 -5.940539
-1.855607 -0.098819 -0.332641 -1.605902 -2.722319
-2.718498 -1.003502 2.433853 7.473865 13.790917
21.088117 28.666872 35.818418 41.547161 45.112693
45.570775 42.363356 35.104261 24.115041 10.338168
-4.807434 -19.640906 -33.038042 -44.110148 -52.603446
-58.003821 -60.118112 -58.940827 -55.321755 -50.574702
-46.012554 -42.279443 -39.134786 -35.656228 -30.705182
-23.205859 -12.715138 0.748030 16.239263 32.620801
48.226632 61.511688 70.771705 74.586465 72.253509
63.862077 50.795914 34.761348 18.160624 2.828734
-9.421819 -17.647996 -21.090294 -19.568071 -13.383032
-3.477946 8.412500 20.309408 29.771891 34.937725
34.392606 28.110574 16.818952 2.231885 -13.511782
-27.916480 -38.692488 -44.275502 -43.866117 -37.524728
-25.727173 -9.393288 10.335810 31.925920 53.262016
71.724266 84.461607 89.141554 84.301859 69.988049
47.651625 20.205865 -8.974190 -36.493234 -59.549019
-75.889612 -83.789616 -82.409284 -71.748459 -53.539263
-30.732101 -7.538961 12.367005 26.397979 33.783601
35.070009 31.591812 25.313729 17.984892 11.266907
5.709907 1.388186 -2.297946 -5.897232 -9.800859
-14.332648 -19.303169 -24.523573 -29.287760 -33.108201
-35.408508 -35.719220 -33.924540 -29.958995 -24.678787
-18.785002 -13.574457 -9.554705 -7.387885 -7.042506
-8.510195 -11.216907 -14.415638 -16.935793 -17.250299
-13.799972 -5.361384 8.383448 27.135919 49.291240
72.040143 91.409266 104.446401 109.960410 108.799613
102.196646 91.645569 78.503780 64.265517 49.940845
36.087324 22.861765 10.300022 -1.438973 -11.949014
-20.618856 -27.021668 -31.162142 -33.338907 -33.964893
-33.481517 -32.323951 -31.003967 -29.607421 -28.211923
-26.287349 -23.589779 -19.478701 -13.985551 -7.060222
0.549312 8.185810 14.653714 19.019253 20.285089
18.045633 12.375333 4.103929 -5.343670 -14.328712
-21.359129 -25.547193 -26.393723 -23.874362 -18.131699
-9.812973 0.218938 10.759034 20.754516 29.186950
35.402017 38.984961 40.004987 38.849922 36.075959
32.214896 27.685866 22.914521 18.308451 14.037374
10.101474 6.168098 2.308846 -1.344879 -4.171993
-6.099988 -7.166566 -8.020456 -8.999149 -10.279113
-11.538319 -12.356668 -12.558608 -12.280684 -12.254892
-13.188163 -15.880273 -20.332636 -26.135313 -32.229857
-37.947249 -42.980229 -47.611255 -51.881786 -55.377814
-57.216421 -56.621580 -53.338476 -47.492818 -39.460551
-29.510855 -18.169255 -5.987416 5.970460 16.693510
25.018848 30.564309 33.334973 33.918305 32.592454
29.676094 25.292863 19.896381 13.936193 7.923506
2.098027 -3.687217 -9.788169 -16.593046 -24.012944
-31.706649 -38.924332 -45.007973 -49.243996 -51.342732
-51.161315 -48.828835 -44.303061 -37.543946 -28.477502
-17.175275 -3.844480 11.271321 27.607031 44.311565
59.921140 72.971134 82.082513 86.658567 86.519512
82.113576 73.905364 62.748867 49.334547 34.757923
19.744055 5.288326 -8.315731 -20.606604 -31.724740
-41.237323 -48.925099 -54.106490 -56.645556 -56.529824
-54.220364 -50.297955 -45.417232 -40.532380 -36.416463
-33.992339 -33.487728 -35.162415 -38.634175 -43.659917
-49.492027 -55.642778 -61.377830 -66.175037 -69.295137
-70.254824 -68.803012 -65.011740 -59.192795 -51.593783
-42.791253 -33.220542 -23.722000 -14.686282 -6.658648
0.477773 6.692900 12.494891 18.101932 24.051912
30.199940 36.248511 41.114091 43.976782 43.960542
40.790344 34.206625 24.497085 12.230684 -1.386540
-15.007844 -27.304686 -37.390083 -44.961855 -50.236120
-53.846396 -56.169179 -57.229913 -56.334533 -52.941268
-46.614080 -37.694613 -26.634592 -14.484920 -2.214169
9.047210 18.709805 26.452822 32.309778 36.530509
39.385748 41.292366 42.405427 43.166107 43.822747
44.778934 46.007782 47.418299 48.582580 48.825623
47.216441 42.918831 35.603472 25.380857 12.862573
-1.083581 -15.121623 -27.880987 -38.025908 -44.683159
-47.220378 -45.350287 -38.968820 -28.449956 -14.616506
1.097590 17.161777 32.020235 44.728257 54.485856
60.952634 63.528156 62.082553 56.626217 48.039274
37.318295 25.673177 13.985548 3.016136 -6.512438
-14.032255 -18.925163 -20.909013 -19.688521 -15.461386
-8.776438 -0.722833 7.442388 14.773986 20.553913
24.753494 27.333838 28.779076 28.979602 27.974354
25.260755 21.009407 15.520347 9.804705 4.755200
1.247242 -0.397777 -0.170866 1.617940 4.709046
8.833669 13.838555 19.351760 25.114123 30.669817
35.857409 40.146526 43.236134 44.634930 44.460541
42.885906 40.484171 37.760764 35.376307 33.830440
33.395209 34.107796 35.805440 38.316468 41.377870
44.714438 48.031400 50.974567 53.255799 54.407899
54.090443 51.727503 47.118016 40.083199 31.150725
20.965629 10.684624 1.275030 -6.297625 -11.593630
-14.445247 -14.993406 -13.433438 -10.081483 -5.317706
0.408055 6.715341 13.084379 19.074765 24.120175
27.925141 29.934866 29.821988 27.244962 22.578301
16.369842 9.384233 2.088958 -5.164950 -12.065461
-18.267286 -23.204723 -26.387349 -27.353420 -26.085381
-22.811034 -18.088153 -12.562884 -6.859041 -1.565305
2.904325 5.987541 7.372426 6.840253 4.763770
1.629155 -1.975980 -5.654176 -9.153525 -12.150247
-14.436979 -15.601805 -15.516111 -14.016181 -11.349190
-7.647911 -3.174403 1.942992 7.329119 12.399951
16.296818 18.091732 17.048391 12.832374 5.677154
-3.675704 -14.029106 -23.903297 -31.851511 -36.788217
-38.316065 -36.516541 -32.002692 -25.517863 -18.197995
-10.971710 -4.785030 -0.073766 2.836215 4.061715
3.848811 2.607538 0.801573 -1.132142 -2.670861
-3.685886 -4.302354 -5.122942 -6.736601 -9.676017
-14.162964 -19.941372 -26.388136 -32.500246 -37.420004
-40.326978 -40.787320 -38.525716 -33.667256 -26.533053
-17.674374 -7.701653 2.664955 12.633586 21.323579
27.968120 32.014109 33.291158 31.897968 28.171384
22.545624 15.566389 7.912583 0.396624 -6.108649
-10.906616 -13.701941 -14.663897 -14.359814 -13.354036
-12.158243 -10.970048 -9.953917 -9.068982 -8.282661
-7.443594 -6.362192 -4.767989 -2.284641 1.371927
6.382271 12.561057 19.418071 25.958027 30.967655
33.249717 32.136944 27.659021 20.515313 11.835809
2.833853 -5.397049 -12.148007 -17.029395 -20.062558
-21.400991 -21.390902 -20.277174 -18.254294 -15.257436
-11.207458 -6.194190 -0.679133 4.567500 8.867305
11.675480 12.892888 12.487875 10.697223 7.669819
3.707867 -0.804389 -5.330698 -9.208708 -11.994858
-13.370435 -13.470052 -12.405527 -10.524388 -7.926170
-4.879911 -1.478604 1.909445 4.897556 6.844475
7.297408 6.031878 3.328398 -0.339369 -4.353287
-8.365731 -12.089126 -15.536583 -18.587556 -21.383815
-23.867919 -26.185774 -28.071773 -29.328682 -29.604268
-28.992855 -27.846047 -26.805064 -26.505636 -27.314119
-29.321400 -32.173164 -35.471155 -38.768426 -41.901609
-44.810934 -47.446815 -49.645570 -50.948993 -50.948717
-49.131492 -45.429043 -39.749936 -32.424738 -23.609339
-13.894067 -3.879386 5.393296 13.068033 18.425554
21.194438 21.359406 19.133822 14.818868 8.780662
1.357478 -6.962870 -15.650756 -23.909922 -31.097182
-36.484397 -39.803070 -40.756170 -39.425118 -35.626935
-29.463721 -21.055907 -11.161001 -0.803907 8.782660
16.633180 22.231058 25.325434 26.058216 24.547904
21.260194 16.489944 10.788955 4.571129 -1.572438
-7.238976 -12.263361 -16.574476 -20.284211 -23.078660
-24.827116 -24.893920 -23.083025 -18.878193 -12.366511
-3.607839 6.749986 17.820196 28.490494 37.582853
44.271565 47.655263 47.314866 42.765596 34.172766
21.682065 5.983453 -12.010947 -30.764505 -48.447360
-63.169165 -73.180968 -77.271499 -74.841575 -66.303017
-52.687800 -35.529063 -16.333713 3.411804 22.342134
39.133386 52.445494 61.232161 64.813020 63.291212
57.244874 47.834550 36.479617 24.788927 14.270423
5.825973 -0.137237 -4.098023 -6.582216 -8.562975
-10.479472 -12.771234 -15.131959 -17.218076 -18.506750
-18.822403 -18.257510 -17.014533 -15.497902 -13.934618
-12.730806 -11.873992 -11.411346 -11.094860 -11.011409
-11.183048 -11.657836 -12.185409 -12.567208 -12.742494
-12.870203 -13.016116 -13.186499 -13.227926 -13.035368
-12.441314 -11.411898 -9.926358 -8.012592 -5.628335
-2.806248 0.259842 3.312195 6.048413 8.418389
10.384625 12.256482 14.238554 16.691879 19.631457
23.044823 26.610970 29.902175 32.424738 33.775625
33.864106 32.549890 29.767657 25.212813 18.827521
10.612090 0.992911 -9.381686 -19.466890 -28.140168
-34.347963 -37.334561 -36.671580 -32.214341 -24.144834
-12.992728 0.273621 14.304527 27.629079 38.864154
47.094394 51.748404 52.834540 50.575269 45.621956
38.554104 30.112932 20.885487 11.568481 2.773906
-4.985029 -11.283232 -15.951937 -18.848361 -20.106653
-19.776455 -18.103113 -15.323169 -11.805094 -7.839484
-3.486607 1.167684 6.067704 10.658718 14.445247
16.740136 17.414138 16.440885 14.282255 11.334351
8.161401 5.131472 2.513774 0.330825 -1.515745
-3.120100 -4.452353 -5.327098 -5.437784 -4.533659
-2.455113 0.618345 4.352353 8.159239 11.669662
14.573154 16.869258 18.364216 19.015710 18.767090
17.997602 17.116613 16.597211 16.696836 17.631067
19.421240 21.941688 24.820545 27.648370 29.972335
31.488520 32.031011 31.704267 30.758384 29.526713
28.194829 26.809395 25.209579 23.247198 20.811779
18.058232 15.325498 13.179895 12.095576 12.331865
13.678677 15.587370 17.224001 17.932248 17.330680
15.586977 12.996991 10.025964 6.940835 4.064165
1.475679 -0.700392 -2.462128 -3.646843 -4.253023
-4.345267 -4.181630 -3.907473 -3.526467 -2.911018
-1.957439 -0.731888 0.581548 1.669288 2.276352
2.274011 1.867910 1.401966 1.184776 1.181100
1.213595 1.047242 0.526173 -0.511810 -2.223920
-4.575188 -7.399382 -10.356279 -13.251632 -15.983433
-18.673230 -21.419249 -24.202282 -26.777899 -28.748248
-29.801909 -29.685682 -28.397581 -25.813968 -21.851531
-16.133139 -8.691715 -0.071730 8.451952 15.632251
20.731455 23.481790 23.959795 22.258497 18.778703
13.842800 7.772819 0.693647 -7.199986 -15.610610
-24.149952 -32.185140 -38.929056 -43.361240 -44.578651
-41.900526 -35.127095 -24.658917 -11.483835 2.880107
16.810203 28.798722 37.729058 42.889709 43.940857
41.233288 35.598354 28.518245 21.349564 15.445455
11.530292 10.045331 10.788561 13.310440 16.763746
20.105269 22.147200 21.750262 18.105476 10.759208
-0.104724 -13.711683 -28.516085 -42.663336 -54.306978
-62.116399 -65.409318 -64.025088 -58.263663 -48.520927
-35.425913 -19.642952 -2.212200 15.451853 31.480252
43.867034 51.082575 52.377789 48.137699 39.250092
26.984592 12.364220 -3.571253 -19.733086 -34.900718
-47.553251 -56.480202 -60.478100 -59.393582 -53.511940
-44.409360 -33.678377 -23.112946 -13.456699 -4.888573
2.883600 9.986988 15.943375 20.183424 21.711803
20.263739 15.684672 8.802738 0.321010 -8.794864
-17.949620 -26.639711 -34.465675 -41.251886 -46.361214
-49.263681 -48.905343 -44.921170 -36.912907 -25.300343
-10.543256 6.246444 23.809615 40.507793 54.639706
64.751839 69.780605 69.472302 63.860329 53.495956
39.001840 21.449170 2.144237 -17.386973 -35.406502
-50.385726 -60.846898 -66.184907 -66.214175 -61.684916
-53.377968 -42.338498 -29.399001 -15.390914 -1.242045
12.244070 23.849631 32.707809 37.629840 38.270790
34.313790 26.456640 15.660701 3.624402 -7.933664
-17.554689 -24.188532 -27.575929 -27.582603 -24.635384
-18.811013 -10.581081 -0.342363 10.934230 22.216726
32.395604 40.439029 45.602271 47.290866 45.507783
40.382089 32.510171 22.608410 11.730685 0.992456
-8.672424 -16.351760 -21.477910 -23.484844 -22.385388
-18.406290 -12.183440 -4.471938 3.944087 11.996777
18.772797 23.012422 24.131054 21.567371 15.787764
7.278139 -2.780703 -13.379563 -23.183024 -30.979344
-35.645204 -36.322045 -32.690092 -24.612738 -12.579896
2.674168 19.698386 36.947648 52.704619 65.442326
73.917175 77.263160 75.476227 68.917287 58.653426
45.524476 30.753875 15.305184 0.381495 -13.121582
-24.386565 -32.637197 -37.333390 -38.200144 -35.712133
-30.373183 -22.774758 -13.246324 -2.162594 10.044463
23.035387 35.913409 47.649511 56.682623 62.137671
63.266173 60.165234 53.099382 42.999914 30.868254
17.818862 4.929671 -6.753923 -16.090069 -22.202318
-24.361990 -22.566097 -17.405586 -10.257066 -2.532573
4.555503 10.374708 14.636585 17.331711 18.627128
18.685989 17.673193 15.581483 12.590132 9.092125
5.740933 3.103624 1.290155 0.103389 -1.056297
-2.625956 -5.151958 -8.725308 -13.285013 -18.360460
-23.481055 -28.273564 -32.462533 -35.919032 -38.451892
-40.118117 -41.043225 -41.565389 -41.897554 -42.199049
-42.476293 -42.579466 -42.196766 -40.788292 -37.840475
-32.904658 -25.972389 -17.467143 -8.386204 0.148547
7.028332 11.724327 13.999185 14.218839 12.632652
9.786951 5.830697 1.186915 -3.976370 -9.079034
-13.684618 -17.198773 -19.399567 -20.208163 -19.939330
-19.081839 -18.334215 -18.285498 -19.341300 -21.622923
-25.059399 -29.343204 -33.898751 -37.862489 -40.267636
-40.261876 -37.419216 -31.824433 -24.059401 -14.946790
-5.383454 3.811533 11.886590 18.249345 22.442081
24.241667 23.546803 20.486214 15.292095 8.491658
0.746455 -6.929069 -13.577532 -18.221876 -20.444054
-20.078938 -17.582642 -13.499467 -8.646833 -3.597635
1.124013 5.074315 7.824394 8.986150 8.577936
6.698782 3.755504 0.011988 -4.051567 -8.057798
-11.536985 -14.045437 -15.281072 -15.037165 -13.519658
-10.771011 -7.055891 -2.420798 2.771254 8.299625
13.883831 19.169573 23.638142 26.498178 27.251914
25.493352 21.377123 15.095402 7.178332 -1.964017
-11.791315 -21.688576 -30.785371 -37.948869 -42.110152
-42.398714 -38.546380 -30.763648 -19.786968 -6.675080
7.246442 20.463409 31.637338 39.749759 44.476289
45.830487 44.157392 39.763897 33.151508 25.059945
16.402329 8.202565 1.169289 -3.966297 -6.938175
-7.539689 -6.255499 -3.585095 -0.325196 2.978842
5.761012 7.628955 8.330298 7.589537 5.300777
1.290577 -4.186999 -10.828691 -17.912956 -24.767374
-30.534191 -34.612874 -36.501108 -35.978449 -32.958596
-27.670097 -20.701533 -13.006293 -5.620068 0.653338
5.388572 8.473550 9.925177 9.923819 8.759431
6.930547 4.872825 3.057390 1.777162 1.393102
2.022831 3.682613 5.978334 8.414733 10.351948
11.301417 10.875962 8.854746 5.250777 0.278806
-5.541721 -11.661188 -17.453115 -22.449007 -26.172389
-28.244045 -28.350731 -26.363222 -22.367672 -16.592856
-9.429115 -1.369290 6.970852 14.951959 21.994838
27.547312 31.158205 32.458148 31.396394 28.246559
23.557039 17.978733 12.018480 6.189135 0.785038
-3.778098 -7.329513 -9.523444 -10.285412 -9.555009
-7.694867 -5.163565 -2.517711 -0.242080 1.299210
1.747150 1.001573 -1.030498 -4.088968 -7.948890
-12.135802 -16.333065 -20.071220 -22.913243 -24.342077
-24.079746 -22.127121 -18.698111 -14.115720 -8.769409
-3.223222 1.976469 6.411404 9.946908 12.537376
14.148103 14.640522 13.962668 12.192889 9.724068
7.028332 4.637432 2.798813 1.624319 0.955510
0.636603 0.475196 0.388969 0.312204 0.108182
-0.410235 -1.471110 -3.138183 -5.374030 -7.995260
-10.763227 -13.400761 -15.567688 -16.963352 -17.226572
-16.092881 -13.347724 -8.996832 -3.268688 3.397237
10.314625 16.736187 21.763269 24.715305 25.085363
22.809797 18.049647 11.196041 2.823398 -6.311011
-15.169671 -22.692474 -27.760452 -29.657815 -28.019900
-23.141292 -15.659954 -6.538176 3.168573 12.340133
19.793102 24.621604 26.210074 24.636171 20.223145
13.783043 6.149957 -1.570863 -8.529991 -14.032255
-17.660871 -19.125552 -18.312078 -15.392883 -10.664671
-4.535424 2.502270 9.803130 16.535133 22.061373
25.816946 27.751126 27.852193 26.505459 23.869609
20.291692 16.006161 11.578323 7.656160 4.975187
4.123644 5.399202 8.829719 14.068869 20.595211
27.633409 34.363259 39.925117 43.641007 45.106209
44.190388 41.137713 36.383889 30.700726 24.723023
19.135001 14.220513 10.289350 7.258485 5.111407
3.595330 2.590546 1.815412 1.038974 0.046508
-1.137006 -2.358693 -3.303930 -3.704097 -3.120860
-1.291849 2.096846 6.844066 12.701943 18.952437
25.009005 29.973991 33.173556 33.974568 32.219227
28.037064 21.917279 14.657810 7.255891 0.777775
-3.999598 -6.532914 -6.637388 -4.332717 0.035827
5.910605 12.503912 18.830634 23.904283 26.840813
27.290890 25.147637 20.845234 14.777687 7.760221
0.382003 -6.496050 -12.341530 -16.490912 -18.691669
-18.777128 -16.961241 -13.540130 -8.968763 -3.658260
2.097085 8.124787 14.296267 20.345235 25.910930
30.567262 33.977254 35.937723 36.502665 35.950716
34.756034 33.333792 31.932459 30.484191 28.752326
26.363727 23.005274 18.436184 12.640550 5.811012
-1.666129 -9.275966 -16.492308 -22.778301 -27.798920
-31.247575 -32.985002 -32.708990 -30.375413 -26.014515
-20.207814 -13.572414 -6.970442 -0.922045 4.049714
7.802347 10.195910 11.414150 11.649323 11.258245
10.518400 9.685414 8.978240 8.522818 8.469009
8.787778 9.529755 10.544467 11.789728 13.025958
14.206941 15.111387 15.597698 15.277922 13.947503
11.544859 8.367885 4.819675 1.299904 -1.910232
-4.686431 -6.883057 -8.395307 -9.024785 -8.866685
-8.181480 -7.597492 -7.604316 -8.621152 -10.577144
-13.194549 -15.864142 -18.045629 -19.284607 -19.348864
-18.182247 -15.754197 -12.175173 -7.497737 -2.024799
3.987895 10.002342 15.581719 20.207834 23.683903
25.920421 26.910655 26.486955 24.353073 20.264133
14.144561 6.208649 -3.016350 -12.820840 -22.307132
-30.764899 -37.451293 -41.984168 -43.943680 -43.354244
-40.246538 -35.025520 -27.998510 -19.733819 -10.877584
-2.375586 4.854234 10.053917 12.790180 12.908242
10.501235 5.868098 -0.496535 -8.025575 -15.996411
-23.788535 -30.707161 -36.429061 -40.607064 -43.303063
-44.421616 -44.228258 -42.855088 -40.740076 -38.145656
-35.414890 -32.740086 -30.307026 -28.237992 -26.535774
-25.216173 -24.214912 -23.536088 -23.084993 -22.781211
-22.540112 -22.285715 -21.973184 -21.402053 -20.403109
-18.682103 -16.239338 -13.149509 -9.812185 -6.466539
-3.397237 -0.674623 1.528737 3.219470 4.389755
5.189130 5.666524 5.950702 6.095657 6.189064
6.204318 6.160375 6.074397 5.997429 5.915736
5.836978 5.803925 5.877439 6.042508 6.189251
6.200775 5.998277 5.616524 5.180059 4.875974
4.917457 5.407863 6.423755 7.850378 9.623022
11.494859 13.356316 14.946427 16.243653 17.120438
17.679613 17.826736 17.578433 16.707841 15.070864
12.372416 8.520028 3.441725 -2.661086 -9.546438
-16.753479 -23.853102 -30.390489 -36.115676 -40.903434
-44.763690 -47.725704 -49.759743 -50.796765 -50.704623
-49.485559 -47.267622 -44.458447 -41.495980 -38.829136
-36.597171 -34.768375 -33.036154 -31.091437 -28.651518
-25.624036 -22.158617 -18.469639 -14.905876 -11.583888
-8.754313 -6.383608 -4.651172 -3.326714 -2.357869
-1.314541 -0.150787 1.336146 2.877947 4.330740
5.229911 5.351337 4.412983 2.476313 -0.364566
-3.770765 -7.495261 -11.243148 -14.912175 -18.349241
-21.469248 -24.054030 -25.936956 -26.917361 -26.927111
-25.947991 -24.059401 -21.364877 -17.974373 -14.072807
-9.879901 -5.817719 -2.266925 0.332915 1.810626
2.057227 1.221257 -0.453799 -2.562593 -4.664009
-6.412979 -7.483317 -7.738961 -7.014848 -5.380304
-2.800578 0.577952 4.689878 9.201163 13.772596
17.882248 21.083051 22.970033 23.357623 22.270822
19.839937 16.286975 11.849705 6.933057 1.984111
-2.511412 -6.192454 -8.825967 -10.324623 -10.778325
-10.367232 -9.361399 -7.918407 -6.138177 -4.030655
-1.660627 0.829919 3.290545 5.535469 7.509827
9.095198 10.306279 11.028808 11.236592 10.727618
9.436202 7.303870 4.533062 1.291576 -2.111807
-5.397497 -8.094078 -9.908520 -10.633443 -10.353555
-9.095257 -7.034140 -4.285818 -1.137354 2.262200
5.696067 9.144076 12.549005 16.046425 19.642778
23.398772 27.160880 30.809781 34.023907 36.535754
38.062750 38.584175 38.233167 37.280240 35.921792
34.261349 32.316565 30.119231 27.776823 25.448768
23.338621 21.596807 20.344275 19.572402 19.182607
18.959411 18.695420 18.264137 17.618125 16.896029
16.226284 15.850362 15.621325 15.335402 14.451756
12.738951 9.925672 6.157862 1.630975 -3.125978
-7.743024 -11.901157 -15.482029 -18.246026 -19.924952
-20.175944 -18.801553 -15.670047 -10.948243 -4.980305
1.482472 7.633056 12.528951 15.630284 16.651781
15.868078 13.618535 10.439349 6.740151 3.002356
-0.396281 -3.125978 -4.892613 -5.495658 -4.809142
-2.943695 -0.069801 3.529520 7.567942 11.698008
15.580412 18.992088 21.665565 23.379874 23.720103
22.515309 19.740874 15.863354 11.430504 7.133057
3.497434 0.992518 -0.177064 0.022047 1.443472
3.916921 7.142441 10.779506 14.410783 17.759807
20.494525 22.383420 23.143643 22.810584 21.489875
19.588150 17.403829 15.390520 13.760156 12.745644
12.305168 12.451944 13.094391 14.199972 15.518576
16.765715 17.608853 17.968074 17.803221 17.250359
16.453241 15.753512 15.349969 15.362568 15.703924
16.330676 17.116903 17.894452 18.488512 18.863348
19.150135 19.505866 19.987827 20.503502 20.767692
20.498384 19.399674 17.455083 14.692316 11.385017
7.709087 3.913378 0.031294 -3.879126 -7.763800
-11.376355 -14.397653 -16.501542 -17.424194 -16.966895
-15.009902 -11.599583 -7.024081 -1.779918 3.466721
8.136598 11.694776 13.910996 14.569367 13.750366
11.487834 8.118094 3.909244 -0.684644 -5.369230
-9.791713 -13.694430 -16.786974 -18.808073 -19.569646
-18.902615 -16.759415 -13.122762 -8.177543 -2.240225
4.218495 10.691819 16.749179 21.970051 26.091286
28.834055 30.140097 29.920417 28.275928 25.325634
21.420823 17.027611 12.660605 8.763599 5.531091
3.078707 1.333068 0.330353 0.002756 0.401649
1.501178 3.333798 5.840146 8.799185 11.825173
14.340826 15.903512 16.201061 15.262174 13.183096
10.192499 6.529215 2.549207 -1.346341 -4.802353
-7.525320 -9.363367 -10.210037 -10.105492 -9.155322
-7.620457 -5.824927 -4.204322 -3.164287 -3.031096
-3.878027 -5.588965 -7.910808 -10.587380 -13.329391
-15.821622 -17.745549 -18.900356 -19.198972 -18.680278
-17.427431 -15.636583 -13.574514 -11.623992 -10.138426
-9.446438 -9.689745 -10.882262 -12.762127 -14.968080
-17.002893 -18.555475 -19.389420 -19.549961 -19.017321
-17.895633 -16.076410 -13.626351 -10.567123 -7.279907
-4.147574 -1.712595 -0.269690 -0.037401 -0.977119
-3.021647 -5.929422 -9.448406 -13.185210 -16.869258
-20.190397 -23.057828 -25.254337 -26.740498 -27.305039
-26.979080 -25.670762 -23.539717 -20.650734 -17.351146
-13.979597 -11.046828 -8.880345 -7.702347 -7.521594
-8.316125 -10.009711 -12.478715 -15.440625 -18.537364
-21.388208 -23.767275 -25.482200 -26.509002 -26.823979
-26.590104 -25.811831 -24.562943 -22.794465 -20.715313
-18.429043 -16.120834 -13.734079 -11.330686 -8.816219
-6.279121 -3.748892 -1.516532 0.254233 1.344879
1.766406 1.456690 0.539593 -0.922045 -2.708149
-4.759439 -6.932274 -9.279509 -11.779708 -14.614931
-17.776222 -21.229879 -24.566657 -27.356244 -29.064634
-29.417264 -28.288584 -25.829082 -22.368295 -18.387365
-14.424249 -10.926356 -8.236740 -6.542113 -5.902456
-6.248019 -7.375204 -9.031478 -10.867257 -12.580290
-13.830275 -14.388160 -13.983598 -12.512967 -9.972998
-6.688176 -3.073520 0.294488 2.951471 4.486605
4.800214 4.005504 2.439735 0.420865 -1.714541
-3.701567 -5.244500 -6.177940 -6.365737 -5.823217
-4.561257 -2.717317 -0.445534 1.990941 4.343753
6.379908 7.922525 8.829510 8.938468 8.138173
6.392618 3.834244 0.743745 -2.525586 -5.539856
-7.930299 -9.305988 -9.487383 -8.392690 -6.217310
-3.225988 0.203937 3.739998 7.021246 9.649277
11.223600 11.419389 10.126751 7.397001 3.475190
-1.246596 -6.232665 -10.908113 -14.785797 -17.446674
-18.642482 -18.262278 -16.496424 -13.680176 -10.276751
-6.726097 -3.414954 -0.664838 1.349604 2.436955
2.554326 1.641117 -0.088189 -2.422970 -4.962982
-7.442211 -9.508642 -10.930935 -11.453520 -10.953608
-9.383840 -6.789757 -3.336607 0.707177 4.944085
9.042884 12.723597 15.804644 18.111775 19.614212
20.440904 20.832064 20.986572 21.001088 20.910194
20.680728 20.264133 19.594371 18.647994 17.376896
15.708630 13.573544 10.979899 8.055252 4.994872
2.044384 -0.569684 -2.630015 -3.966134 -4.459796
-4.035031 -2.708348 -0.537007 2.241511 5.369281
8.435350 11.136986 13.030256 13.880681 13.441408
11.837772 9.147827 5.651563 1.540639 -2.765742
-6.845072 -10.211791 -12.478570 -13.384225 -12.817811
-10.896041 -7.850223 -3.999598 0.366378 5.011014
9.681739 14.167688 18.101720 21.159406 22.879245
23.035387 21.509678 18.560593 14.554615 9.988169
5.327347 1.041336 -2.376700 -4.524007 -5.103648
-4.103929 -1.712111 1.701965 5.705780 9.861004
13.645779 16.601542 18.268174 18.507837 17.306550
15.001545 11.896892 8.481479 5.075507 2.105901
-0.164202 -1.405509 -1.484520 -0.357480 1.744482
4.492904 7.477389 10.377145 12.891002 14.822805
16.039910 16.586975 16.544291 16.069653 15.291752
14.440916 13.712492 13.306273 13.286249 13.658634
14.291949 15.035403 15.706418 16.184613 16.290741
15.853512 14.683298 12.748793 10.098353 6.938175
3.529789 0.253543 -2.522341 -4.480306 -5.448481
-5.367312 -4.293005 -2.366924 0.135050 2.922829
5.673519 8.201558 10.212223 11.499583 11.745865
10.908246 8.927839 6.017311 2.374328 -1.565351
-5.427637 -8.809825 -11.407501 -12.950368 -13.246544
-12.249975 -9.964510 -6.514948 -2.098269 2.909443
8.060473 12.892494 16.943089 19.853897 21.340755
21.401926 20.111727 17.740516 14.520897 10.830687
7.020093 3.431096 0.287638 -2.306295 -4.218648
-5.394871 -5.729491 -5.305501 -4.159635 -2.432279
-0.195309 2.377554 5.071090 7.669276 9.936518
11.704307 12.666509 12.645644 11.513812 9.440139
6.585099 3.168891 -0.594592 -4.367314 -7.767752
-10.544861 -12.521965 -13.632650 -13.730189 -12.811392
-10.941717 -8.398408 -5.455882 -2.420861 0.419822
2.784640 4.430895 5.268493 5.240623 4.384243
2.735518 0.465747 -2.220083 -5.076761 -7.838895
-10.267696 -12.145095 -13.416115 -13.996110 -13.885012
-13.014100 -11.482654 -9.375439 -6.926364 -4.390155
-2.137791 -0.444247 0.555117 0.888489 0.651967
-0.035560 -1.037399 -2.220798 -3.492906 -4.760803
-5.964555 -7.003554 -7.857465 -8.480787 -8.912187
-9.130879 -9.177934 -9.039452 -8.740140 -8.241013
-7.554709 -6.742881 -5.951563 -5.288671 -4.814557
-4.542316 -4.520857 -4.696819 -4.946447 -5.034417
-4.841723 -4.304462 -3.484245 -2.467790 -1.415745
-0.501115 0.162992 0.523379 0.597637 0.348226
-0.294094 -1.414281 -3.027553 -5.000879 -7.137781
-9.122880 -10.706672 -11.574539 -11.545253 -10.410532
-8.161007 -4.860265 -0.801573 3.657804 8.055102
11.915326 14.742884 16.103098 15.726740 13.598617
9.951949 5.225336 -0.077165 -5.387092 -10.215728
-14.088809 -16.732644 -17.967967 -17.839334 -16.435108
-14.018870 -10.938475 -7.657465 -4.568461 -1.983067
-0.198558 0.540550 0.122472 -1.242911 -3.258066
-5.562194 -7.873263 -9.812973 -11.070596 -11.449583
-10.900620 -9.503918 -7.414090 -4.984242 -2.560253
-0.510629 0.970274 1.768894 1.973163 1.781099
1.387318 0.946455 0.551820 0.374409 0.469727
0.799211 1.177204 1.431099 1.457140 1.203147
0.801844 0.405117 0.236951 0.353149 0.849416
1.779130 3.171956 4.947234 6.926681 8.986202
10.904980 12.473991 13.358988 13.349186 12.241121
9.991319 6.684637 2.655506 -1.560786 -5.371643
-8.225452 -9.755886 -9.724105 -8.113370 -5.070578
-0.955904 3.769719 8.596046 12.983590 16.456660
18.608802 19.267678 18.342055 15.949181 12.275544
7.759433 2.872328 -1.839366 -5.907142 -8.937777
-10.679722 -11.140529 -10.416581 -8.770455 -6.383293
-3.566528 -0.581271 2.241334 4.648862 6.481483
7.641234 8.174787 8.056733 7.372820 6.086382
4.275582 1.929428 -0.861809 -3.977846 -7.195655
-10.206724 -12.721628 -14.415012 -15.088946 -14.611970
-13.029895 -10.472141 -7.130301 -3.307651 0.647636
4.252817 7.135419 8.954194 9.609036 9.100492
7.620851 5.432312 2.871648 0.314721 -1.873225
-3.333168 -3.816528 -3.173667 -1.431493 1.247766
4.545267 8.013042 11.143679 13.461779 14.640522
14.493254 13.018478 10.393450 6.974789 3.213664
-0.406298 -3.334921 -5.083061 -5.320436 -4.065740
-1.512143 1.984248 5.979852 9.877146 13.088155
15.186978 15.897704 15.130285 12.896718 9.465335
5.146016 0.348031 -4.560171 -9.129903 -12.952389
-15.710598 -17.159414 -17.207446 -15.818987 -13.221627
-9.674454 -5.609438 -1.401417 2.501570 5.731297
8.007071 9.135628 9.085415 7.843582 5.608650
2.596956 -0.827557 -4.410139 -7.923606 -11.192717
-14.086192 -16.457293 -18.294452 -19.428875 -19.764134
-19.065122 -17.373981 -14.721189 -11.325568 -7.343175
-3.073222 1.138323 4.885423 7.774866 9.509430
9.868499 8.799982 6.391855 2.895663 -1.310946
-5.855106 -10.335453 -14.475955 -17.921834 -20.471219
-21.865892 -22.090901 -21.085047 -19.017678 -16.055972
-12.596038 -9.005664 -5.681878 -2.917838 -0.948817
0.071621 0.132677 -0.682570 -2.171256 -4.122289
-6.302743 -8.515043 -10.586199 -12.340301 -13.642099
-14.360110 -14.466506 -13.934565 -12.850368 -11.316445
-9.564941 -7.781494 -6.164948 -4.797601 -3.738969
-2.919734 -2.238972 -1.554730 -0.786219 0.146155
1.285037 2.635119 4.105504 5.557843 6.849593
7.842048 8.364550 8.214666 7.259828 5.549899
3.293300 0.772541 -1.781493 -4.088057 -5.892902
-6.940962 -7.182269 -6.594350 -5.235423 -3.120148
-0.396062 2.726332 5.983453 9.082661 11.755488
13.676036 14.626349 14.372987 12.879502 10.194815
6.599593 2.421187 -1.943303 -6.085915 -9.611004
-12.179161 -13.588949 -13.668711 -12.344070 -9.655985
-5.886602 -1.472678 3.070860 7.181847 10.368483
12.266304 12.817691 12.072605 10.258641 7.648906
4.738967 1.977220 -0.267716 -1.846875 -2.703932
-2.872342 -2.469286 -1.627416 -0.521259 0.694557
1.836217 2.802772 3.580701 4.146753 4.523613
4.685354 4.783849 4.810841 4.834242 4.768974
4.743298 4.748489 4.805896 4.807788 4.766132
4.704216 4.699597 4.873791 5.414162 6.473289
8.086204 10.185937 12.689738 15.429733 18.186971
20.671523 22.669640 23.947692 24.339715 23.753089
22.273578 20.038304 17.216501 14.023894 10.781474
7.782601 5.270068 3.410855 2.409444 2.261549
2.822042 3.725916 4.754321 5.613944 6.155499
6.149983 5.640146 4.635365 3.318891 1.808171
0.424409 -0.567486 -0.878738 -0.400398 0.951967
3.130047 6.038571 9.423048 12.973596 16.278687
18.994450 20.821950 21.613343 21.238236 19.682638
17.020262 13.526745 9.545440 5.484635 1.740703
-1.283856 -3.302959 -4.175188 -3.915577 -2.628735
-0.557503 1.961413 4.525384 6.809435 8.512064
9.425965 9.398765 8.525180 7.037539 5.313769
3.619323 2.190153 1.167681 0.717321 0.881198
1.590154 2.650775 3.837394 4.892308 5.530304
5.520311 4.775975 3.394765 1.593304 -0.388698
-2.324798 -4.058078 -5.442115 -6.374786 -6.748412
-6.535542 -5.770461 -4.554549 -3.016529 -1.293961
0.404330 1.840841 2.759837 3.053318 2.754325
2.037947 1.081494 0.045348 -0.948030 -1.770672
-2.335428 -2.621293 -2.692908 -2.649749 -2.615743
-2.747720 -3.201962 -4.029938 -5.139360 -6.343846
-7.496835 -8.472155 -9.210611 -9.657426 -9.842894
-9.733087 -9.272816 -8.333667 -6.886994 -4.958514
-2.666530 -0.182905 2.249602 4.308308 5.703138
6.170241 5.618099 4.054972 1.645272 -1.391234
-4.761408 -8.066324 -10.934624 -13.015863 -14.200759
-14.339629 -13.414146 -11.331951 -8.258645 -4.378291
-0.062205 4.329250 8.322424 11.496190 13.516902
14.165872 13.358635 11.122377 7.659827 3.274931
-1.664957 -6.738559 -11.536591 -15.622706 -18.707049
-20.521831 -21.015312 -20.194221 -18.298782 -15.567991
-12.329897 -8.876461 -5.570855 -2.791223 -0.849211
0.073011 0.033465 -0.782417 -2.063382 -3.534008
-4.967313 -6.232356 -7.275970 -8.008166 -8.395259
-8.380151 -8.068881 -7.480299 -6.709435 -5.767870
-4.818494 -3.952410 -3.299993 -2.917102 -2.901963
-3.230273 -3.796449 -4.433331 -5.074006 -5.643536
-6.090145 -6.313385 -6.333058 -6.139252 -5.774398
-5.239833 -4.629518 -3.990014 -3.392513 -2.932204
-2.777947 -3.022613 -3.616922 -4.457686 -5.499595
-6.728804 -8.058252 -9.303535 -10.290924 -10.856209
-10.921632 -10.408999 -9.379903 -7.893207 -6.111405
-4.123370 -2.083067 -0.080276 1.731493 3.244010
4.319283 4.882607 4.878730 4.330578 3.275584
1.801794 -0.031102 -2.091823 -4.279519 -6.406556
-8.363369 -9.950939 -11.067694 -11.566677 -11.470056
-10.808641 -9.739351 -8.396360 -6.964159 -5.594717
-4.435424 -3.623454 -3.255112 -3.395829 -4.012984
-5.041483 -6.339357 -7.739612 -9.041320 -10.066235
-10.721238 -10.968093 -10.840530 -10.332385 -9.491320
-8.374484 -7.086206 -5.660116 -4.095267 -2.469367
-0.934644 0.336475 1.324407 1.996213 2.318106
2.201806 1.701965 0.940314 0.091732 -0.651082
-1.085037 -1.016250 -0.368503 0.905381 2.765742
5.110822 7.696835 10.251980 12.555880 14.439972
15.789732 16.502544 16.586187 16.071119 15.021230
13.459943 11.451946 9.163812 6.834238 4.765562
3.144876 2.143553 1.788973 2.140050 3.118104
4.627187 6.432664 8.256158 9.794075 10.756430
10.973600 10.297955 8.720849 6.221035 2.948813
-0.882844 -4.912195 -8.817823 -12.321235 -15.191720
-17.237367 -18.294094 -18.311381 -17.247162 -15.165718
-12.251259 -8.875179 -5.452499 -2.309051 0.241883
1.964957 2.637396 2.298421 1.036001 -0.922439
-3.387544 -6.044476 -8.597871 -10.777144 -12.372840
-13.251942 -13.313447 -12.586589 -11.080004 -8.881085
-6.071388 -2.866136 0.504349 3.778733 6.693425
9.002738 10.513463 11.201159 11.129474 10.455491
9.340934 7.980299 6.567660 5.255108 4.193678
3.456686 3.120974 3.141332 3.502868 4.110622
4.908545 5.749988 6.508772 7.039356 7.244889
7.079513 6.534572 5.686997 4.596915 3.395662
2.153657 1.003148 -0.022952 -0.880313 -1.608481
-2.185429 -2.584915 -2.759050 -2.730883 -2.574404
-2.365994 -2.108657 -1.745972 -1.214171 -0.529018
0.295275 1.253833 2.400389 3.642216 4.801565
5.625392 6.001563 5.855518 5.198415 4.082344
2.693695 1.233435 -0.134645 -1.300570 -2.140941
-2.544770 -2.469680 -1.958397 -1.066533 0.152772
1.648028 3.279794 4.878730 6.250044 7.303135
7.964902 8.244472 8.132411 7.702347 6.998135
6.127153 5.200476 4.402353 3.856383 3.623615
3.673426 3.988968 4.528185 5.245265 6.011639
6.738963 7.327040 7.764945 7.953523 7.861008
7.438630 6.827152 6.135055 5.525186 5.046123
4.799203 4.796070 5.079124 5.635714 6.507467
7.644566 8.959037 10.291479 11.569662 12.734204
13.755484 14.519163 14.923198 14.866651 14.350365
13.421448 12.236196 10.965195 9.806280 8.834197
8.070456 7.464071 7.032269 6.767529 6.640144
6.515507 6.272822 5.824835 5.162194 4.254240
3.121647 1.871326 0.788975 0.119729 0.019291
0.426020 1.253147 2.275346 3.297238 4.083263
4.525975 4.472598 3.875977 2.810499 1.545272
0.245188 -1.063384 -2.360401 -3.418891 -3.988331
-3.974008 -3.464732 -2.531097 -1.244313 0.289763
1.878592 3.360623 4.577220 5.405895 5.732484
5.556682 4.936660 3.984244 2.801371 1.527556
0.349970 -0.532676 -0.957942 -0.881101 -0.318842
0.634251 1.867037 3.188970 4.404316 5.336997
5.899519 6.048413 5.730631 4.915344 3.650464
2.116531 0.500062 -1.057084 -2.464106 -3.615741
-4.402708 -4.781880 -4.739106 -4.335818 -3.657588
-2.874404 -2.090468 -1.363777 -0.711787 -0.201574
0.094911 0.179527 0.078943 -0.173622 -0.621819
-1.286612 -2.196863 -3.301568 -4.502524 -5.651957
-6.636532 -7.409040 -7.924816 -8.142110 -8.000718
-7.511402 -6.683883 -5.569280 -4.227596 -2.790939
-1.370768 -0.046063 1.150825 2.159838 2.903525
3.321647 3.404384 3.179915 2.686347 1.960626
1.060163 0.059055 -0.921773 -1.807083 -2.534422
-3.137395 -3.591763 -3.903142 -3.999683 -3.888575
-3.543627 -2.999600 -2.268960 -1.410627 -0.498320
0.389763 1.150148 1.706689 1.945473 1.812595
1.249135 0.272440 -1.077511 -2.689365 -4.382124
-5.966130 -7.246302 -8.134629 -8.503596 -8.296046
-7.415939 -5.928728 -3.921225 -1.595666 0.849903
3.148813 5.040854 6.307074 6.794862 6.467310
5.351133 3.551568 1.175062 -1.639367 -4.674864
-7.665733 -10.296207 -12.364936 -13.668386 -14.124381
-13.622964 -12.240133 -10.103730 -7.488174 -4.615175
-1.744485 0.848084 2.841333 3.990702 4.206684
3.506524 1.993697 -0.139528 -2.594877 -5.065938
-7.344080 -9.249228 -10.643286 -11.383847 -11.506670
-11.065822 -10.217696 -9.056596 -7.791717 -6.552424
-5.492115 -4.677741 -4.185031 -3.960691 -3.882276
-3.842291 -3.831882 -3.858489 -3.887787 -3.898305
-3.940937 -4.032064 -4.161015 -4.321235 -4.638967
-5.133841 -5.725579 -6.213743 -6.582270 -6.831021
-6.996443 -6.983693 -6.794475 -6.410156 -5.883453
-5.191124 -4.379912 -3.473000 -2.578341 -1.795624
-1.274013 -1.081556 -1.260627 -1.800942 -2.717711
-3.947418 -5.389753 -6.894030 -8.370456 -9.685951
-10.735805 -11.395500 -11.655489 -11.471459 -10.879506
-9.944725 -8.878722 -7.793095 -6.735026 -5.691171
-4.773219 -4.079961 -3.624402 -3.330756 -3.166923
-3.167221 -3.367316 -3.759166 -4.319676 -4.998883
-5.753138 -6.489033 -7.152742 -7.653744 -7.971638
-8.055391 -7.905890 -7.457291 -6.674790 -5.534979
-4.119677 -2.563626 -1.040155 0.297347 1.324801
1.973530 2.227555 2.133563 1.759445 1.197849
0.542912 -0.077438 -0.551574 -0.799999 -0.812990
-0.597977 -0.172047 0.436170 1.142911 1.826563
2.364956 2.672542 2.712593 2.480375 2.037397
1.484782 0.980707 0.643958 0.571652 0.798451
1.338580 2.138972 3.100388 4.107408 5.060226
5.869374 6.442900 6.742287 6.806286 6.717140
6.539751 6.292899 5.994083 5.632747 5.210619
4.710321 4.140543 3.482231 2.731097 1.935399
1.194486 0.592248 0.124016 -0.230557 -0.469684
-0.574018 -0.537794 -0.363692 -0.010236 0.500837
1.113777 1.711141 2.245271 2.621124 2.740939
2.486786 1.838579 0.822009 -0.478346 -1.885421
-3.156293 -4.070695 -4.544085 -4.526991 -3.989756
-2.948345 -1.572044 -0.110299 1.231887 2.328826
3.101962 3.448532 3.311411 2.665882 1.581493
0.137347 -1.522832 -3.246237 -4.811014 -6.014759
-6.686601 -6.753551 -6.225972 -5.184447 -3.763378
-2.114903 -0.398818 1.247936 2.710231 3.896232
4.765739 5.311862 5.586603 5.615335 5.459832
5.171809 4.851959 4.528074 4.199992 3.858793
3.555898 3.341420 3.188970 3.032800 2.822435
2.585287 2.378735 2.260519 2.285035 2.480627
2.886215 3.476461 4.222039 5.000305 5.709044
6.209523 6.458649 6.431169 6.179121 5.730411
5.145265 4.482580 3.857866 3.374077 3.113773
3.079889 3.258261 3.616879 4.136606 4.744630
5.339359 5.813392 6.105106 6.158076 5.933846
5.425423 4.719282 3.907578 3.099206 2.364691
1.816925 1.481288 1.348422 1.340130 1.429525
1.533778 1.559839 1.416390 1.117321 0.701738
0.224409 -0.249359 -0.585038 -0.696335 -0.542125
-0.155767 0.488582 1.338229 2.309051 3.230063
4.018890 4.600487 4.923612 4.903648 4.511015
3.797414 2.875978 1.896521 1.005116 0.380742
0.174409 0.477490 1.257871 2.400558 3.752355
5.122856 6.314161 7.111021 7.388174 7.065087
6.164161 4.733853 2.916923 0.890038 -1.133856
-2.963494 -4.433062 -5.383710 -5.694477 -5.300238
-4.245661 -2.648982 -0.668896 1.496613 3.638182
5.499219 6.883057 7.590945 7.542111 6.695605
5.155108 3.066581 0.671652 -1.745589 -3.877158
-5.455643 -6.316917 -6.342702 -5.518493 -3.921532
-1.794878 0.567250 2.885034 4.921696 6.474003
7.329205 7.396048 6.673885 5.334635 3.552769
1.554328 -0.464844 -2.271255 -3.669050 -4.529519
-4.780620 -4.429125 -3.495490 -2.094090 -0.337496
1.593698 3.521873 5.227155 6.523378 7.292111
7.472072 7.072820 6.113097 4.706683 3.013188
1.263777 -0.372803 -1.781493 -2.897549 -3.674402
-4.110041 -4.262984 -4.153783 -3.793693 -3.217925
-2.554326 -1.883323 -1.214565 -0.568517 -0.037401
0.297357 0.506298 0.677014 0.862990 1.031003
1.213383 1.397911 1.516139 1.437770 1.106297
0.557886 -0.141732 -0.898177 -1.636217 -2.255173
-2.699601 -2.886741 -2.761805 -2.293644 -1.524800
-0.531731 0.602755 1.765795 2.829522 3.645611
4.111803 4.131437 3.667709 2.741447 1.490155
0.089529 -1.268895 -2.409290 -3.169679 -3.437787
-3.215348 -2.574683 -1.652359 -0.564559 0.553149
1.607264 2.522830 3.276570 3.851173 4.213586
4.327550 4.166215 3.758654 3.140436 2.358263
1.440203 0.433857 -0.594782 -1.568107 -2.399033
-3.016136 -3.359266 -3.418103 -3.222318 -2.833065
-2.316125 -1.726374 -1.136167 -0.618896 -0.249746
-0.059449 -0.049123 -0.177952 -0.371243 -0.527952
-0.566242 -0.458661 -0.220393 0.115748 0.508488
0.911809 1.283527 1.595272 1.797933 1.833067
1.652571 1.248423 0.622100 -0.210629 -1.164857
-2.094484 -2.852049 -3.372434 -3.606886 -3.504717
-3.022985 -2.195271 -1.092394 0.214173 1.620156
2.979128 4.113505 4.901565 5.229633 5.022825
4.260473 3.049994 1.577434 0.038976 -1.368312
-2.487790 -3.181767 -3.422040 -3.184118 -2.514168
-1.458148 -0.175984 1.163705 2.378735 3.336080
3.938969 4.110680 3.835819 3.090050 1.928736
0.415538 -1.281887 -3.019817 -4.647628 -6.073687
-7.214159 -7.985197 -8.323999 -8.164841 -7.487387
-6.273399 -4.591723 -2.583010 -0.464172 1.571022
3.391726 4.895819 5.978728 6.532542 6.517310
5.975778 5.003140 3.724846 2.257082 0.763834
-0.620077 -1.739358 -2.537397 -2.954529 -3.034246
-2.825257 -2.466530 -2.057388 -1.708264 -1.489496
-1.477556 -1.692389 -2.097240 -2.626697 -3.231096
-3.870506 -4.486211 -5.003776 -5.386997 -5.624993
-5.721642 -5.614150 -5.259045 -4.655586 -3.936606
-3.249203 -2.722436 -2.403490 -2.326767 -2.519934
-2.988577 -3.689890 -4.532274 -5.426166 -6.289751
-7.045581 -7.624394 -7.975456 -8.096440 -7.961142
-7.561796 -6.881561 -5.991720 -4.928755 -3.746449
-2.456985 -1.156691 0.074828 1.153935 2.049684
2.708262 3.093399 3.170466 2.940690 2.410231
1.647031 0.724014 -0.268208 -1.316139 -2.359221
-3.358655 -4.214267 -4.908652 -5.366496 -5.550383
-5.397098 -4.952352 -4.278868 -3.470465 -2.614849
-1.809839 -1.138571 -0.649605 -0.414992 -0.510235
-0.969023 -1.734249 -2.710771 -3.821646 -4.946031
-5.924398 -6.564894 -6.794475 -6.593397 -6.025578
-5.137011 -4.049205 -2.878579 -1.774012 -0.846662
-0.212598 0.050373 -0.081496 -0.556526 -1.268108
-2.105514 -2.980309 -3.828586 -4.594085 -5.203053
-5.607075 -5.764138 -5.673217 -5.298298 -4.649597
-3.775664 -2.802750 -1.820610 -0.867715 0.022005
0.772833 1.289562 1.547241 1.557479 1.348816
0.950990 0.432283 -0.103422 -0.575983 -0.912248
-1.079919 -1.036407 -0.774802 -0.264536 0.479133
1.397678 2.342515 3.173646 3.783457 4.119624
4.137393 3.827643 3.227159 2.416955 1.484643
0.528623 -0.342913 -1.014953 -1.406690 -1.467196
-1.229919 -0.803148 -0.361417 -0.015450 0.190157
0.247511 0.124803 -0.167232 -0.548424 -0.940868
-1.323619 -1.720198 -2.094484 -2.401245 -2.615743
-2.788369 -2.959837 -3.146162 -3.315348 -3.411879
-3.390544 -3.240980 -3.013380 -2.763092 -2.523223
-2.275883 -1.988972 -1.648262 -1.254722 -0.815121
-0.313779 0.231868 0.783463 1.259490 1.595272
1.711899 1.571257 1.185662 0.650392 0.058480
-0.516534 -1.017634 -1.344486 -1.415398 -1.172439
-0.627332 0.212992 1.264778 2.436216 3.591901
4.662195 5.548594 6.183452 6.509453 6.581877
6.495451 6.353137 6.211072 6.133846 6.206899
6.516916 7.085467 7.859827 8.749537 9.664154
10.484572 11.079112 11.331601 11.216119 10.725431
9.872027 8.656091 7.156679 5.476936 3.781882
2.251601 1.083069 0.349037 0.014173 -0.008365
0.271653 0.827892 1.605115 2.478762 3.373615
4.153759 4.696447 4.855540 4.642117 4.075133
3.242119 2.198659 1.103935 0.078209 -0.751180
-1.311753 -1.512989 -1.357417 -0.923227 -0.328782
0.367716 1.107493 1.817713 2.408272 2.864561
3.177712 3.342513 3.310536 3.109443 2.793321
2.471649 2.205784 2.048815 2.001477 2.065744
2.242275 2.532278 2.913773 3.318497 3.683266
3.958654 4.140990 4.224401 4.204359 4.083850
3.893333 3.686607 3.477488 3.257474 2.990459
2.680703 2.315730 1.890941 1.383073 0.811416
0.195436 -0.439369 -1.087508 -1.702359 -2.201851
-2.481885 -2.491599 -2.231492 -1.745858 -1.084643
-0.330118 0.422046 1.083489 1.623225 2.033686
2.305114 2.406900 2.342515 2.147183 1.870862
1.518161 1.068108 0.515547 -0.092519 -0.674684
-1.178738 -1.577471 -1.874406 -2.045541 -2.094878
-2.044962 -1.953539 -1.838016 -1.666926 -1.399519
-1.033462 -0.628657 -0.251181 0.027358 0.172834
0.167365 0.032283 -0.227105 -0.601967 -1.065994
-1.537792 -1.926437 -2.164169 -2.213491 -2.057082
-1.716004 -1.243305 -0.693556 -0.112992 0.422253
0.819683 1.054010 1.193698 1.322940 1.436611
1.486290 1.455509 1.399152 1.368895 1.397351
1.490942 1.657637 1.883854 2.145717 2.392121
2.564287 2.595270 2.462556 2.152358 1.659344
0.968896 0.150992 -0.674802 -1.395089 -1.979130
-2.398032 -2.590546 -2.505251 -2.174799 -1.694806
-1.151572 -0.626914 -0.225984 -0.060582 -0.200393
-0.646536 -1.353934 -2.209636 -3.068498 -3.785121
-4.278732 -4.507585 -4.459046 -4.140463 -3.593694
-2.874254 -2.065744 -1.292703 -0.727951 -0.495995
-0.634644 -1.083667 -1.781099 -2.648196 -3.592906
-4.460021 -5.084242 -5.321293 -5.120462 -4.535458
-3.694481 -2.721503 -1.724012 -0.822422 -0.156299
0.195032 0.234645 0.004215 -0.481889 -1.183078
-1.987004 -2.731850 -3.271253 -3.496593 -3.326765
-2.743683 -1.820863 -0.691025 0.501574 1.639019
2.590152 3.244108 3.513379 3.392754 2.932671
2.247480 1.481493 0.802905 0.359054 0.242571
0.451574 0.909979 1.492123 2.093168 2.602751
2.931579 2.991726 2.789662 2.377948 1.816429
1.135037 0.399149 -0.258267 -0.761587 -1.105116
-1.335699 -1.425588 -1.390122 -1.300391 -1.254388
-1.270076 -1.327315 -1.439761 -1.607938 -1.790548
-1.915166 -1.937791 -1.789848 -1.374013 -0.650469
0.295275 1.309849 2.281885 3.125643 3.734638
3.979953 3.777158 3.116196 2.049996 0.708825
-0.733069 -2.078433 -3.198025 -3.994781 -4.433456
-4.482988 -4.179125 -3.570599 -2.757081 -1.829683
-0.892518 -0.019544 0.711022 1.210542 1.388974
1.202267 0.685825 -0.078569 -1.005116 -2.016046
-3.023616 -3.909597 -4.570070 -4.935058 -5.000384
-4.782249 -4.332669 -3.726716 -3.078734 -2.480260
-2.002358 -1.690357 -1.606690 -1.772374 -2.162200
-2.682810 -3.231096 -3.673187 -3.876370 -3.723430
-3.195269 -2.355875 -1.346060 -0.298150 0.636613
1.336254 1.661414 1.556128 1.013384 0.136618
-0.959053 -2.113682 -3.192120 -4.054563 -4.612589
-4.810723 -4.652747 -4.199481 -3.566528 -2.883564
-2.274799 -1.846609 -1.679130 -1.771323 -2.067712
-2.503582 -3.037395 -3.576757 -3.981094 -4.140394
-4.037000 -3.667623 -2.996451 -2.020377 -0.853935
0.339634 1.422832 2.285086 2.787790 2.839340
2.448814 1.719929 0.762203 -0.286794 -1.285037
-2.096904 -2.667318 -2.930417 -2.833459 -2.339672
-1.545272 -0.579482 0.412204 1.331732 2.062201
2.533738 2.709837 2.590832 2.164169 1.449895
0.520865 -0.515353 -1.557477 -2.502723 -3.256293
-3.759219 -4.017709 -4.043444 -3.842512 -3.443201
-2.948419 -2.495701 -2.187397 -2.077497 -2.165350
-2.426058 -2.766924 -3.099206 -3.335820 -3.461556
-3.456686 -3.302845 -2.968104 -2.460255 -1.831099
-1.109703 -0.313385 0.547261 1.379919 2.091641
2.616924 2.970752 3.199206 3.357032 3.493694
3.610178 3.666134 3.570567 3.255112 2.697387
1.931099 1.029230 0.076378 -0.797968 -1.484643
-1.896348 -2.012594 -1.788324 -1.194092 -0.275071
0.827557 1.967815 3.095269 4.140896 4.983848
5.444602 5.452351 5.003535 4.156685 2.974950
1.586217 0.143653 -1.192517 -2.279231 -2.986608
-3.226342 -2.976372 -2.285091 -1.245273 -0.002576
1.278344 2.416319 3.282277 3.774823 3.855898
3.513218 2.824010 1.924751 1.003541 0.195971
-0.403936 -0.725386 -0.673621 -0.195994 0.655510
1.719146 2.798026 3.739114 4.430306 4.786257
4.736605 4.274794 3.468497 2.431060 1.294879
0.201126 -0.691731 -1.275287 -1.498816 -1.374434
-0.927557 -0.252011 0.513385 1.204689 1.722831
1.981211 1.937004 1.582595 1.016140 0.338132
-0.355117 -0.998459 -1.488580 -1.745434 -1.726374
-1.429464 -0.848423 -0.004021 1.038187 2.167128
3.288970 4.300571 5.116525 5.616944 5.741327
5.444723 4.774794 3.792297 2.621255 1.394265
0.261023 -0.653637 -1.248029 -1.415141 -1.092911
-0.306577 0.816140 2.148724 3.614560 5.115362
6.496444 7.558085 8.192503 8.331703 7.960220
7.056680 5.711800 4.096894 2.440153 0.919739
-0.331889 -1.202968 -1.598028 -1.481542 -0.922439
-0.056338 0.977951 2.052351 3.035821 3.763614
4.122433 4.059441 3.623615 2.859420 1.851965
0.697570 -0.411810 -1.294149 -1.813776 -1.965547
-1.793303 -1.347891 -0.666928 0.164043 1.009053
1.734455 2.254720 2.500292 2.429523 2.061229
1.522438 0.925893 0.335039 -0.234499 -0.707873
-1.002340 -1.061415 -0.870600 -0.447243 0.132411
0.729526 1.250595 1.682674 2.035589 2.271255
2.345188 2.290153 2.157199 1.975587 1.709686
1.363383 0.953802 0.527952 0.112812 -0.244488
-0.494033 -0.607085 -0.595211 -0.499999 -0.321880
-0.041339 0.364252 0.849605 1.360257 1.848028
2.302836 2.701963 3.015714 3.207080 3.247492
3.116135 2.803702 2.331491 1.742949 1.070077
0.310103 -0.552755 -1.466979 -2.353145 -3.149754
-3.869284 -4.475537 -4.877156 -4.980909 -4.807864
-4.440055 -3.924795 -3.278536 -2.535428 -1.815107
-1.227557 -0.876384 -0.790550 -1.000543 -1.462595
-2.101490 -2.777947 -3.395253 -3.883850 -4.194999
-4.253928 -4.000212 -3.445662 -2.652096 -1.703540
-0.640403 0.481101 1.598219 2.618105 3.485241
4.165346 4.634084 4.877549 4.937141 4.887785
4.747805 4.461015 4.020668 3.500780 2.982637
2.432279 1.830974 1.225194 0.721036 0.356299
0.157211 0.165354 0.371491 0.670865 0.910766
1.048817 1.079602 1.009447 0.779268 0.398424
-0.090708 -0.601574 -1.085377 -1.490548 -1.759083
-1.809839 -1.575525 -1.040155 -0.251815 0.698030
1.706350 2.671254 3.495697 4.105897 4.461876
4.548416 4.335195 3.789362 2.920645 1.815744
0.613040 -0.559448 -1.583074 -2.364956 -2.822040
-2.940545 -2.738865 -2.294484 -1.694129 -1.058659
-0.470645 0.006693 0.342796 0.494881 0.449267
0.207086 -0.207385 -0.765746 -1.389362 -1.974405
-2.443315 -2.797239 -3.057964 -3.231096 -3.300399
-3.298419 -3.279718 -3.318891 -3.459297 -3.753929
-4.215907 -4.826368 -5.496321 -6.123216 -6.604679
-6.862978 -6.833373 -6.482664 -5.845295 -5.013376
-4.101889 -3.195663 -2.369438 -1.707083 -1.288543
-1.152754 -1.262993 -1.557084 -1.944481 -2.345665
-2.635747 -2.726373 -2.555541 -2.166137 -1.586546
-0.859841 0.022589 0.980313 1.911031 2.647632
3.101686 3.199994 2.947497 2.358657 1.528204
0.563385 -0.420419 -1.376375 -2.260397 -3.027947
-3.589148 -3.914559 -4.020354 -4.003535 -3.921329
-3.828732 -3.740066 -3.703536 -3.730721 -3.806292
-3.863795 -3.858654 -3.799704 -3.735819 -3.711566
-3.738575 -3.814903 -3.938969 -4.092845 -4.259047
-4.427094 -4.616526 -4.805686 -4.949990 -5.011901
-5.021250 -5.003617 -4.925974 -4.714094 -4.331094
-3.814816 -3.253143 -2.750812 -2.377554 -2.124939
-1.920862 -1.707543 -1.487005 -1.265584 -1.008659
-0.650312 -0.174803 0.400678 1.033462 1.704552
2.372830 3.010188 3.558654 3.973833 4.206684
4.284740 4.259047 4.181495 4.031094 3.785809
3.443694 3.043046 2.603932 2.141086 1.680705
1.274003 0.951573 0.678734 0.408661 0.140424
-0.058268 -0.168319 -0.235039 -0.323886 -0.425196
-0.512948 -0.584645 -0.656122 -0.692518 -0.647816
-0.499212 -0.264115 0.073228 0.523706 1.086612
1.687247 2.236610 2.609433 2.716924 2.505248
2.005901 1.284393 0.434251 -0.444187 -1.235431
-1.840589 -2.183854 -2.216003 -1.912201 -1.314988
-0.518109 0.373352 1.296848 2.184988 2.957474
3.529195 3.853142 3.883043 3.611016 3.105989
2.542908 2.055073 1.690941 1.436118 1.330706
1.407040 1.640548 1.946712 2.258657 2.542635
2.746845 2.809276 2.684247 2.399835 2.025193
1.646083 1.333068 1.144764 1.139762 1.341023
1.734249 2.230230 2.726373 3.099366 3.262198
3.144166 2.738971 2.081076 1.247242 0.309807
-0.656692 -1.575457 -2.341728 -2.859338 -3.059836
-2.941834 -2.528735 -1.863371 -0.991730 -0.007602
0.958659 1.765484 2.312594 2.543009 2.448420
2.058173 1.463777 0.785140 0.154724 -0.338146
-0.631101 -0.698841 -0.546456 -0.235194 0.131102
0.458957 0.679920 0.757347 0.654723 0.395905
0.045276 -0.311631 -0.630314 -0.863629 -0.953541
-0.862253 -0.608266 -0.233542 0.224803 0.706335
1.115352 1.381995 1.493698 1.440501 1.179131
0.684481 0.022047 -0.710336 -1.433462 -2.098359
-2.634247 -2.983110 -3.138970 -3.131280 -2.986608
-2.704994 -2.307476 -1.826275 -1.301572 -0.745641
-0.163385 0.423504 0.976770 1.445769 1.797634
1.976187 1.949996 1.716322 1.338186 0.855758
0.292125 -0.309634 -0.849998 -1.236684 -1.462989
-1.550887 -1.509052 -1.310301 -0.970077 -0.520963
0.009055 0.612391 1.277163 1.961810 2.622436
3.181859 3.585426 3.779354 3.760229 3.511263
3.036608 2.352541 1.540942 0.722630 0.023228
-0.477006 -0.732282 -0.698761 -0.362598 0.196577
0.859447 1.579800 2.383853 3.170964 3.714166
3.861606 3.721646 3.462439 3.141726 2.738369
2.323224 1.982612 1.716926 1.489135 1.347635
1.374941 1.563776 1.835941 2.139366 2.449937
2.727554 2.898027 2.921648 2.752563 2.379129
1.809860 1.133462 0.413636 -0.297243 -0.955840
-1.473225 -1.786518 -1.876768 -1.739174 -1.346848
-0.708552 0.101968 0.992186 1.910626 2.794992
