0 0 6000
0.096538 -1.673022 -2.218756 -0.013088 3.257937
5.110717 5.437466 5.590622 5.738479 4.958668
3.157319 1.131108 -0.704254 -2.434661 -3.771439
-4.133396 -3.487575 -2.435054 -1.489207 -0.703492
0.029124 0.568544 0.693761 0.523976 0.553515
1.096180 1.932855 2.705315 3.352260 3.816451
3.786293 2.998401 1.742358 0.587074 -0.099096
-0.217425 0.274519 1.273485 2.376097 3.120426
3.317261 3.004891 2.235281 1.078051 -0.205650
-1.211172 -1.612971 -1.307393 -0.459760 0.512776
1.227300 1.640620 2.060548 2.636215 3.165219
3.412293 3.383651 3.138307 2.682537 2.205402
2.028944 1.995305 1.477439 0.235558 -1.018483
-1.434452 -0.917662 0.034585 1.062309 1.962911
2.367848 1.920551 0.816835 -0.267740 -0.725525
-0.449644 0.307200 1.187901 1.935109 2.405672
2.553450 2.441347 2.275660 2.332876 2.758473
3.377552 3.830922 3.885962 3.619814 3.293822
3.089170 2.992474 2.894434 2.673346 2.240731
1.525526 0.476161 -0.860913 -2.223465 -3.089195
-2.957762 -1.822616 -0.246025 1.047044 1.685884
1.684423 1.263578 0.667672 0.198605 0.005128
0.058945 0.143469 0.113731 -0.138816 -0.569543
-1.041186 -1.277772 -1.113061 -0.589728 0.082805
0.667898 1.031981 1.199017 1.442059 2.165099
3.527636 5.213179 6.553491 7.165610 7.305687
7.638395 8.501606 9.463294 9.667385 8.563322
6.371321 3.792782 1.459570 -0.320103 -1.366880
-1.444024 -0.462229 1.315697 3.285137 4.843110
5.583554 5.435974 4.583577 3.345074 1.755239
-0.105346 -2.116386 -3.678555 -4.265278 -3.641833
-2.312495 -0.822895 0.746041 2.651115 4.442409
5.296149 5.213407 5.022268 4.697609 3.696327
3.328976 6.733911 14.756135 23.833558 29.498345
30.694954 28.994825 25.562755 20.801151 15.917147
12.505232 10.888543 10.306389 10.374350 11.238063
12.472347 12.828673 11.362488 8.391817 5.219413
2.995071 1.969323 1.820945 2.396467 3.707200
5.429401 6.561811 6.343265 4.714005 2.649815
1.279904 1.048159 1.246874 0.805668 -0.523546
-2.026773 -3.075517 -3.794813 -4.537009 -5.090415
-4.894484 -3.821984 -2.247720 -0.558029 1.192781
2.752572 3.344343 2.098472 -0.964790 -4.800351
-8.098170 -10.224918 -11.076832 -10.814169 -9.714154
-8.574164 -8.273280 -9.214490 -10.867510 -12.380045
-13.063803 -12.844953 -11.994091 -10.957436 -10.088954
-9.791209 -10.484909 -12.320246 -14.878154 -17.312533
-19.026695 -19.944037 -20.328091 -20.276713 -19.830157
-19.083556 -18.305890 -17.489795 -16.432524 -14.868056
-12.924877 -10.940182 -9.073901 -7.127547 -4.863426
-2.391806 -0.040168 2.162195 4.618668 7.967096
12.484525 17.722046 22.548859 25.931085 27.935437
29.245886 30.074044 29.417905 26.599699 22.079845
17.405796 13.637044 11.372260 10.735343 11.782600
14.049964 16.962328 19.844048 21.950968 22.205925
19.800182 14.797035 8.128298 0.908099 -6.257524
-13.102438 -19.413219 -24.644640 -28.335737 -30.366269
-31.111288 -30.848747 -29.501643 -27.001502 -23.872599
-21.109337 -19.224267 -17.724430 -15.796894 -13.120295
-10.210165 -7.694837 -6.155663 -5.798359 -6.608295
-8.072024 -9.507757 -10.533844 -11.446690 -12.836097
-14.800362 -16.689978 -17.577462 -16.903432 -14.562172
-10.821443 -6.331887 -1.983264 1.649517 4.646480
7.278952 9.494177 10.961602 11.747049 12.389965
13.597273 15.639444 18.300295 21.102462 23.587308
25.531809 26.774675 27.249821 26.844962 25.663048
24.006197 22.499890 21.670073 21.718232 22.271715
22.791146 22.823664 22.239830 20.914686 18.705422
15.423109 11.199229 6.443457 1.878671 -1.755151
-3.749400 -3.833111 -2.464126 -0.860611 -0.361958
-1.651138 -4.469638 -8.060915 -11.822725 -15.526447
-19.082475 -22.234283 -24.688763 -26.358834 -27.567327
-28.733643 -30.083068 -31.426984 -32.299631 -32.363553
-31.645310 -30.639625 -29.744529 -29.061841 -28.213418
-26.820658 -24.733918 -22.286236 -19.931458 -18.048419
-16.462816 -14.960391 -13.409322 -12.380564 -12.337203
-13.517611 -15.240016 -16.939376 -18.148532 -19.104826
-19.568121 -19.288760 -17.797416 -15.763160 -14.254824
-14.492805 -16.452575 -19.467492 -22.502763 -25.261338
-27.707909 -30.095565 -32.331158 -34.513966 -36.671139
-39.127459 -41.951763 -45.215784 -48.529348 -51.426358
-53.068614 -52.988496 -50.911504 -47.308268 -42.774501
-38.213857 -34.281635 -31.641334 -30.580860 -31.039968
-32.381867 -33.821423 -34.870247 -35.372586 -35.393817
-34.840334 -34.133138 -33.800356 -34.484326 -35.818441
-37.209736 -37.727173 -37.068783 -34.814041 -31.198639
-26.212069 -20.318787 -13.127940 -4.545360 5.960209
18.218535 32.111010 47.103859 62.443115 77.391495
90.892928 102.530685 111.786513 119.489643 126.005031
132.363846 138.540164 145.829177 154.311554 163.714940
170.649639 172.300088 165.930932 151.444138 128.627995
98.713354 63.107453 24.694618 -13.953993 -50.645525
-84.140151 -113.859221 -139.425320 -161.353536 -180.185061
-197.334011 -212.873137 -226.765692 -237.224884 -243.568296
-244.382330 -239.922457 -229.377392 -213.761344 -193.362137
-170.396029 -145.725370 -120.904762 -95.757860 -70.666461
-45.188429 -19.533103 6.180175 31.424270 55.426334
77.686923 97.583124 115.225809 130.220645 142.802557
152.616336 160.331892 166.089676 170.623399 173.778491
175.830534 176.430395 175.118008 170.760694 162.527813
150.440813 135.388044 118.879514 102.321831 87.296066
74.764161 65.681770 60.157151 58.447938 59.813979
63.763183 69.233444 76.088958 83.763734 92.037162
99.733615 105.973221 109.589993 110.196984 107.540454
102.016926 94.249874 85.092861 75.457451 65.798065
56.615733 47.691877 38.997998 29.760495 19.863276
9.037525 -2.279241 -14.121391 -26.604335 -40.146542
-55.071764 -71.137496 -88.139324 -105.409321 -123.227155
-141.092761 -158.876800 -174.773434 -188.075462 -197.427530
-203.202231 -204.488414 -201.469566 -193.261676 -180.407009
-162.801226 -141.504713 -116.920857 -90.044462 -61.184492
-31.299032 -0.907297 29.450528 60.007593 90.695445
121.295435 151.439906 180.383068 206.366827 226.045213
236.761318 237.362620 229.623273 215.855281 199.430574
182.693954 168.141081 156.613683 148.943245 144.630813
142.848273 141.562276 139.243229 135.017443 128.881156
120.922270 111.001538 99.301160 85.900651 71.507109
56.388777 41.521141 27.205896 14.324982 3.012585
-6.233328 -13.715911 -19.647940 -24.562991 -28.604460
-31.987389 -34.845688 -37.418090 -39.741633 -41.809960
-43.638003 -45.462559 -47.769589 -51.058622 -55.876932
-62.267509 -70.089265 -78.397359 -86.502173 -93.518396
-99.542730 -104.365925 -108.452259 -111.696851 -114.738798
-117.484615 -120.353393 -123.092718 -126.118271 -129.155013
-132.312192 -135.393213 -138.851348 -142.776163 -146.844970
-150.132294 -151.903082 -152.203566 -151.585835 -150.654691
-149.445386 -147.781067 -145.451410 -142.361857 -138.309365
-132.747124 -125.086604 -114.484039 -100.521665 -82.872031
-62.153576 -39.063803 -14.930175 9.385680 32.617595
54.075301 72.711288 88.258170 100.101867 108.305425
112.215976 111.872627 106.856771 98.101930 86.342331
73.588609 60.927433 49.961231 40.774194 33.919993
28.745213 25.355015 22.987058 21.595484 20.421581
18.964467 16.131824 11.079462 3.332284 -6.961681
-18.943335 -31.827560 -44.700533 -57.306732 -69.254066
-80.527209 -90.825913 -100.107638 -108.201622 -114.832892
-119.492344 -121.417970 -120.205256 -115.640741 -108.188917
-98.328229 -86.849157 -74.351717 -61.712239 -49.943648
-40.121180 -32.884192 -28.249251 -26.002550 -25.969581
-28.122054 -32.446117 -39.042438 -47.891416 -58.289194
-68.725575 -77.406660 -83.049661 -84.863342 -82.404536
-75.546605 -64.610406 -50.333344 -33.499534 -15.247808
3.246507 20.570947 36.154055 49.671286 61.478070
71.290145 79.286688 85.454687 90.794125 95.640584
100.431839 104.815499 109.026105 113.026821 116.781928
119.766662 121.635761 122.507357 122.934990 123.681776
125.266545 128.085374 132.307353 138.106834 145.510855
154.338680 163.857531 172.487411 178.283710 179.526806
175.781314 167.244193 154.836360 139.047915 120.885246
100.848625 80.084548 59.002039 38.628861 19.017445
0.861620 -15.938705 -30.335266 -41.834956 -49.146721
-52.298096 -51.075193 -46.455395 -38.649080 -28.742097
-17.093187 -4.969566 7.334511 19.077121 30.442485
41.067827 51.087378 60.214013 68.403572 75.130673
79.699337 81.314282 79.599888 74.950130 68.173706
60.348781 52.162636 44.164774 36.502033 29.225378
22.143198 15.027539 7.812647 0.657520 -5.980745
-11.682066 -16.016896 -18.766339 -19.809480 -19.391843
-17.845356 -15.512454 -12.279462 -7.942085 -2.317282
4.333017 11.473724 18.429582 24.439837 28.886801
30.914293 29.896935 25.236546 17.378940 7.176389
-3.859969 -14.804474 -24.582680 -32.830849 -39.088763
-43.952266 -47.753082 -51.416885 -55.052886 -59.378448
-64.284564 -70.212793 -76.603268 -83.315286 -89.208286
-93.751395 -96.207500 -97.071196 -96.773204 -96.276363
-96.026749 -96.906054 -99.503029 -104.658909 -112.471594
-122.726739 -134.357495 -146.311629 -157.440717 -167.113890
-174.694056 -179.847424 -182.185691 -181.733180 -178.425667
-172.427883 -163.703763 -152.549435 -139.213840 -124.217748
-108.009623 -91.214633 -74.463670 -58.400493 -43.535003
-30.240426 -18.788921 -9.367099 -1.884254 3.936142
8.726742 12.933613 17.167473 21.687470 27.028651
33.308134 40.752470 49.033229 57.897148 66.790508
75.349786 83.208715 90.197930 96.354823 101.658903
106.171890 109.556537 111.714639 112.351795 111.787355
110.268799 108.465193 106.700621 105.355403 104.538838
104.388594 104.870987 105.893914 107.307990 109.028565
110.826952 112.479523 113.583312 114.061036 113.627135
112.216685 109.198553 104.159622 96.203595 85.128798
70.854398 54.406852 36.744636 19.315416 3.140675
-10.496643 -20.983354 -27.926413 -31.621861 -32.405394
-30.949615 -27.873603 -23.698283 -18.761273 -13.446884
-8.508464 -4.548107 -2.065628 -0.961633 -1.318415
-2.835434 -5.533989 -9.111292 -13.814562 -19.585475
-26.752561 -35.209572 -45.307256 -56.972173 -70.282915
-84.645480 -99.585041 -114.480452 -129.173439 -143.527898
-157.198079 -169.304154 -178.482112 -183.630739 -183.964825
-179.560976 -170.649773 -158.281963 -143.337847 -127.211435
-110.508196 -94.189804 -78.474422 -63.950841 -50.222033
-37.123645 -23.979132 -10.947364 1.893410 13.978151
25.331270 36.031356 46.782245 58.254899 71.233417
85.995273 102.149390 118.677885 134.250113 148.033590
159.569437 168.983379 176.297486 181.880372 186.102293
189.668841 193.169885 197.157157 201.932454 207.193381
212.120123 215.189743 215.138593 210.679803 201.446400
187.262129 169.064268 147.757193 125.113821 102.360496
81.281704 62.612032 47.624791 36.614089 30.553948
28.909520 31.303219 35.824631 41.547866 46.855568
51.520263 54.551233 56.314053 56.399993 55.646956
53.819101 51.613082 48.803524 46.204565 43.968357
42.817473 42.683115 43.649373 45.302783 47.337685
49.311748 50.893355 51.840873 52.011483 51.390535
50.048168 48.140577 45.804015 43.072871 39.864353
36.130097 31.857137 27.104373 21.804982 16.009284
9.739673 3.210300 -3.516364 -10.207757 -16.729631
-22.819982 -28.448866 -33.562933 -38.287863 -42.710001
-47.056146 -51.349740 -55.605066 -59.653058 -63.552424
-67.179153 -70.557501 -73.424444 -75.825447 -77.530428
-78.667351 -79.080318 -79.115440 -78.709028 -78.221493
-77.551802 -77.200960 -77.115318 -77.720100 -78.767264
-80.609232 -82.901070 -85.877210 -89.031873 -92.603563
-96.064394 -99.596183 -102.535819 -105.181577 -107.187565
-109.149853 -110.671787 -112.066555 -112.902447 -113.687135
-114.190709 -114.709294 -114.896644 -115.176919 -115.623635
-116.748932 -118.431267 -120.832912 -123.596729 -126.717939
-129.678717 -132.395763 -134.239184 -135.004084 -133.800461
-130.399692 -124.254633 -115.928721 -105.581938 -94.156670
-81.831742 -69.563144 -57.543814 -46.725816 -37.199380
-29.797440 -24.379392 -21.444130 -20.473681 -21.692231
-24.343931 -28.492140 -33.329713 -38.988191 -44.636383
-50.309742 -55.275055 -59.955601 -64.056084 -68.081864
-71.652876 -75.113043 -78.093253 -80.864263 -83.147712
-85.260133 -86.971885 -88.384264 -89.152676 -89.435833
-89.154117 -88.607185 -87.703951 -86.636492 -85.269617
-83.840360 -82.364709 -81.185322 -80.262950 -79.653459
-79.052736 -78.448906 -77.717065 -77.020881 -76.222643
-75.302432 -73.943380 -72.144297 -69.740782 -66.850331
-63.199598 -58.740489 -53.210079 -46.801525 -39.491838
-31.557772 -23.078974 -14.537082 -6.245406 1.312655
7.956885 13.367555 17.509234 20.302407 22.009607
22.721998 22.660573 21.835821 20.559284 19.093242
17.880073 17.080683 16.904382 17.389344 18.670077
20.646696 23.145502 25.803578 28.274092 30.208107
31.320352 31.550116 31.058330 30.293570 29.566813
29.119530 28.912208 29.015429 29.231453 29.424186
29.182142 28.470032 27.165878 25.527904 23.522709
21.434600 19.227958 17.230085 15.377939 13.916816
12.601028 11.584954 10.738052 10.583779 11.357036
13.670320 17.419814 22.630028 28.633550 35.160982
41.483653 47.478732 52.678434 57.272523 60.991441
64.080750 66.330596 68.095828 69.271696 70.206301
70.843669 71.660868 72.704110 74.316387 76.273714
78.709878 81.311707 84.185965 86.934637 89.657088
91.911926 93.891627 95.175255 96.103461 96.296296
96.206863 95.492604 94.699622 93.514514 92.509280
91.400408 90.798078 90.435252 90.874515 91.843812
93.901289 96.740397 100.771165 105.521061 111.269675
117.402411 123.991402 130.186248 135.928893 140.393400
143.694945 145.329516 145.788126 144.921986 143.318245
140.746451 137.593890 133.665079 129.521560 125.201368
121.269832 117.633025 114.646527 112.037091 110.013256
108.205311 106.766066 105.179286 103.422155 100.870054
97.656041 93.424585 88.528823 82.695772 76.375182
69.569042 63.014437 56.809414 51.422598 46.607651
42.549175 38.894343 35.735847 32.755655 30.133315
27.654790 25.435092 23.166597 20.922729 18.490466
15.994237 13.245637 10.353410 7.234125 4.099835
0.991864 -1.874927 -4.436749 -6.562658 -8.318981
-9.819984 -11.246991 -12.684451 -14.176009 -15.787659
-17.627990 -19.803133 -22.288664 -25.002400 -27.790335
-30.565692 -33.170073 -35.490107 -37.388752 -38.852990
-39.833168 -40.320427 -40.316577 -39.980983 -39.462193
-38.910565 -38.322245 -37.764158 -37.202684 -36.750728
-36.398583 -36.273770 -36.207346 -36.061149 -35.415674
-34.144771 -32.026782 -29.194985 -25.583645 -21.538877
-17.355944 -13.796296 -11.264820 -10.198993 -10.481750
-12.061992 -14.412026 -17.183352 -19.868135 -22.483376
-24.840048 -26.995199 -28.645653 -29.963333 -30.896849
-31.753032 -32.362770 -32.856871 -33.009317 -32.922063
-32.325085 -31.304539 -29.878737 -28.560557 -27.622886
-27.459473 -28.119740 -29.922014 -32.769391 -36.596288
-40.767218 -44.947489 -48.499946 -51.274496 -52.870831
-53.538176 -53.263681 -52.546446 -51.372693 -50.216191
-49.107311 -48.658446 -48.884249 -50.123829 -51.917266
-54.217919 -56.475387 -58.795615 -60.855674 -62.915465
-64.785681 -66.861000 -69.077846 -71.783128 -74.714898
-77.943049 -81.143298 -84.442819 -87.672518 -90.921180
-93.980993 -96.844346 -99.275727 -101.173286 -102.256858
-102.454870 -101.569635 -99.623986 -96.463780 -92.173796
-86.603142 -79.882462 -71.978856 -63.238279 -53.765640
-43.917688 -33.831374 -24.044752 -14.952324 -7.155553
-0.859758 3.714976 6.726884 8.250755 8.602453
7.966303 6.701977 5.051361 3.311905 1.723128
0.545783 0.135381 0.655761 2.356771 5.078147
8.967849 13.658373 19.239464 25.097261 31.300725
37.289008 43.391248 49.215378 55.218496 61.269240
68.059880 75.583821 84.198028 93.655706 104.104626
115.322289 127.218407 139.447430 151.773252 163.790787
174.973048 184.666237 192.295777 197.356038 199.408818
197.994789 192.863417 183.973502 171.732058 156.760403
139.966921 122.151169 104.100386 86.303422 69.265960
53.330200 39.040894 26.708330 16.689783 8.783250
2.873940 -1.610790 -4.831302 -7.429770 -9.598416
-12.040480 -14.764246 -18.148507 -21.883781 -26.201828
-30.843574 -36.049737 -41.493464 -47.101981 -52.275116
-56.779658 -60.237155 -62.802544 -64.525753 -65.726762
-66.414056 -66.727433 -66.590989 -66.164482 -65.385405
-64.241860 -62.398733 -59.700436 -55.911987 -51.052067
-44.975839 -37.775156 -29.469652 -20.396105 -10.725415
-0.870651 8.919847 18.149522 26.522690 33.692959
39.580637 44.170975 47.602763 50.132782 52.016998
53.617125 55.173846 57.181701 59.999939 64.092958
69.466369 76.093017 83.433774 90.754271 96.887861
100.959341 102.410791 101.086577 96.920535 90.092820
81.154094 70.879354 60.071600 49.359775 39.301706
30.171541 22.089523 15.005864 9.018968 4.113232
0.288082 -2.679383 -4.858085 -6.599454 -8.136829
-9.970102 -12.141157 -14.812739 -17.730725 -20.883298
-23.897593 -26.617690 -28.739409 -30.253311 -31.156104
-31.533946 -31.407081 -30.693776 -29.371749 -27.435604
-25.179997 -22.913545 -21.197148 -20.345663 -20.694785
-22.020126 -24.131357 -26.519127 -29.172173 -31.877848
-34.806359 -37.599850 -40.207597 -42.094617 -43.294496
-43.574047 -43.399000 -42.873930 -42.589832 -42.644627
-43.547389 -45.336331 -48.250368 -51.972589 -56.303998
-60.888819 -65.597759 -70.171934 -74.316529 -77.851943
-80.757504 -83.115751 -84.807775 -85.802789 -86.090572
-85.744659 -84.599532 -82.443595 -79.061944 -74.245832
-67.748845 -59.331303 -49.073595 -37.143117 -23.995705
-10.012303 4.019820 17.521226 29.709783 40.309321
48.849457 55.358188 59.593834 61.765581 61.729743
59.769770 55.835377 50.302187 43.260575 35.302160
26.814276 18.532155 10.773940 3.961662 -1.822818
-6.366935 -9.681431 -11.843821 -13.061783 -13.543194
-13.327290 -12.537419 -11.205503 -9.618875 -7.855448
-6.180546 -4.580275 -3.258857 -2.110863 -1.184692
-0.333872 0.289161 0.676294 0.843513 1.010707
1.096735 0.784477 -0.236098 -1.829270 -3.547022
-4.954044 -5.787799 -5.919674 -5.334324 -4.187432
-2.739975 -1.204885 0.292831 1.757104 3.233589
4.870390 6.710499 8.746495 10.763662 12.580767
13.919507 14.664517 14.701193 14.182674 13.287654
12.371979 11.632457 11.241089 11.137460 11.319311
11.725499 12.452032 13.444286 14.704194 16.094406
17.648589 19.261785 20.923819 22.480609 23.939261
25.166997 26.173950 26.931749 27.634864 28.324220
29.019994 29.639249 30.249834 30.889578 31.527918
32.040771 32.337571 32.369357 32.071761 31.396031
30.327209 28.937377 27.260627 25.328200 23.112146
20.669656 18.012733 15.166974 12.035806 8.674221
5.142779 1.681675 -1.661696 -4.708942 -7.496098
-9.932336 -12.268930 -14.572706 -17.100863 -19.770882
-22.719507 -25.724903 -28.817524 -31.729632 -34.699992
-37.758373 -41.368547 -45.498165 -50.361659 -55.591204
-61.175551 -66.657607 -72.069084 -76.999877 -81.567805
-85.530112 -89.266113 -92.714090 -96.292992 -99.878422
-103.783123 -107.629257 -111.404313 -114.538295 -117.135801
-118.844313 -119.948425 -120.241299 -120.204275 -119.675217
-118.988014 -117.802890 -116.528432 -114.971770 -113.604639
-112.156965 -111.071203 -110.042906 -109.418836 -108.773885
-108.402397 -107.901627 -107.575517 -107.064337 -106.716999
-106.194004 -105.748466 -105.007085 -104.249662 -103.218979
-102.191292 -100.907019 -99.579998 -97.897729 -95.960403
-93.459663 -90.558295 -86.983582 -82.844145 -77.935202
-72.579422 -66.673264 -60.407245 -53.525464 -46.301703
-38.678444 -31.024014 -23.347858 -16.126644 -9.460224
-3.685404 1.318387 5.360022 8.575759 10.864579
12.513544 13.478292 13.836198 13.278263 11.909732
9.888463 7.888760 6.363366 5.855004 6.440202
8.120821 10.511965 13.324344 16.206636 18.922058
21.227290 23.013386 24.377829 25.393894 26.076082
26.194027 25.649624 24.376298 22.525828 20.181051
17.548717 14.846004 12.440099 10.578432 9.384676
8.766318 8.700468 9.171667 10.290178 11.903670
13.846257 15.691332 17.228732 18.051097 18.017637
16.893291 14.944391 12.446242 9.992676 7.882709
6.482795 5.831804 6.084492 7.201629 9.238623
11.944736 15.099077 18.374297 21.704605 24.876225
27.751714 30.027974 31.662333 32.484031 32.539439
31.822306 30.687560 29.322806 27.959289 26.621350
25.539362 24.849542 24.646395 24.823285 25.297333
25.961256 26.745677 27.512608 28.215474 28.757780
29.149031 29.233845 29.028217 28.462176 27.748576
26.843438 25.786115 24.271102 22.230843 19.461778
16.151720 12.483468 9.024706 6.141925 4.220381
3.222651 3.188876 3.939022 5.495633 7.598199
10.165220 12.878982 15.715936 18.371240 20.804404
22.746573 24.322419 25.358137 25.928726 25.828867
25.336478 24.557785 23.910582 23.422782 23.335170
23.571436 24.322722 25.535489 27.359335 29.543554
31.986127 34.393161 36.897353 39.374157 41.918830
44.286522 46.657930 48.897477 51.176638 53.228815
55.172575 56.741501 58.018939 58.758162 59.136055
59.076362 58.798272 58.277509 57.805971 57.484361
57.593432 58.074167 59.022980 60.256927 61.843652
63.489271 65.126823 66.337367 67.073283 66.943335
65.900471 63.606282 60.215206 55.706959 50.526356
44.944934 39.625775 34.888304 31.215749 28.698632
27.622580 27.775085 29.042221 30.926471 33.269356
35.482425 37.190002 37.750715 37.146293 35.253661
32.359245 28.543537 24.359649 20.198523 16.634054
13.894819 12.283521 11.784753 12.339937 13.651039
15.500431 17.568479 19.588085 21.170340 22.019448
21.780728 20.359416 17.785712 14.431416 10.556733
6.468253 2.323744 -1.502278 -4.702647 -7.010841
-8.485268 -9.233192 -9.435317 -9.111676 -8.419810
-7.453297 -6.490036 -5.558676 -4.838061 -4.240367
-3.940694 -3.798332 -3.949048 -4.216079 -4.692850
-5.076449 -5.204841 -4.584714 -3.055703 -0.396785
3.193896 7.637954 12.563396 17.817301 23.032787
28.182940 33.075751 37.816800 42.177927 46.106813
49.201047 51.436838 52.693186 53.397610 53.763837
54.313195 55.099413 56.421245 58.135959 60.355679
62.713776 65.134543 67.254554 69.173259 70.687898
71.970691 72.923287 73.889864 74.876260 76.128493
77.539546 79.373050 81.611408 84.341146 87.086830
89.470805 90.967586 91.504463 90.898684 89.291463
86.695740 83.483683 79.630636 75.162236 69.773341
63.652577 56.924197 49.991203 42.920969 35.968870
29.172506 22.793332 16.915943 11.916636 7.965914
5.403069 4.084591 3.956161 4.471091 5.346185
5.911794 5.886283 4.781510 2.650380 -0.548502
-4.476168 -8.968610 -13.599755 -17.994144 -21.608002
-24.024378 -24.947660 -24.306095 -22.269435 -19.169366
-15.561531 -11.957897 -8.890070 -6.607151 -5.359984
-5.202219 -6.269503 -8.416204 -11.507409 -15.157382
-19.140282 -22.984119 -26.402688 -28.957581 -30.678531
-31.562509 -31.976577 -32.040633 -32.087663 -32.212435
-32.633371 -33.358445 -34.446365 -35.912285 -37.796527
-40.070286 -42.583749 -45.151036 -47.586358 -49.677554
-51.177075 -51.753271 -51.234027 -49.469748 -46.546647
-42.432514 -37.270509 -31.078575 -24.146069 -16.735366
-9.412464 -2.687788 2.806230 6.768959 8.989904
9.590449 8.670207 6.672057 3.965403 1.048313
-1.971375 -4.785659 -7.264455 -9.016588 -10.076962
-10.320704 -9.936476 -8.909703 -7.583831 -6.114092
-4.775194 -3.618310 -2.814039 -2.414512 -2.449146
-2.860322 -3.649889 -4.843883 -6.470609 -8.421152
-10.560593 -12.640040 -14.561000 -16.162366 -17.461261
-18.310785 -18.719613 -18.573633 -18.007920 -17.079562
-16.027195 -14.923820 -13.990559 -13.334338 -13.248157
-13.813385 -15.166192 -17.104059 -19.544649 -22.136819
-24.745674 -26.946253 -28.631975 -29.553369 -29.929984
-29.750572 -29.353198 -28.803384 -28.565733 -28.701774
-29.488841 -30.764101 -32.748910 -35.300381 -38.535676
-42.071660 -45.800830 -49.268953 -52.417990 -54.922390
-56.904835 -58.264718 -59.327515 -60.077644 -60.852870
-61.677274 -62.914662 -64.404981 -66.176612 -67.918640
-69.754920 -71.352830 -72.579221 -73.021838 -72.895925
-72.104549 -70.833390 -68.911905 -66.786835 -64.517036
-62.426737 -60.345281 -58.674607 -57.384043 -56.718328
-56.331065 -56.365021 -56.544623 -56.983331 -57.325822
-57.755046 -58.102951 -58.559607 -58.755032 -58.690119
-58.108640 -57.307539 -56.276880 -55.270512 -54.151297
-53.136161 -52.222088 -51.616456 -51.075666 -50.456627
-49.422133 -47.997758 -46.066542 -43.692023 -40.715615
-37.268510 -33.383764 -29.326544 -25.118639 -20.967871
-16.927327 -13.289888 -10.103611 -7.485110 -5.238783
-3.330360 -1.584972 -0.062754 1.354315 2.599849
3.775615 4.753565 5.603770 6.251581 6.899719
7.551885 8.326693 9.056205 9.737198 10.232808
10.571531 10.653399 10.533279 10.234973 9.835757
9.289576 8.540490 7.559271 6.366570 4.976203
3.371504 1.557773 -0.401743 -2.396502 -4.269433
-5.892680 -7.136127 -7.949097 -8.279549 -8.139683
-7.537719 -6.504211 -5.072547 -3.319415 -1.453585
0.238120 1.419635 1.900166 1.585312 0.501844
-1.332430 -3.833904 -6.803901 -9.915607 -12.758651
-15.025301 -16.450064 -16.952363 -16.474191 -15.153702
-13.108520 -10.590944 -7.808890 -5.081343 -2.624270
-0.663113 0.687397 1.269466 1.059440 0.064734
-1.563708 -3.719735 -6.162712 -8.685934 -10.990502
-12.907474 -14.203878 -14.806271 -14.728508 -14.240051
-13.586652 -12.980326 -12.570121 -12.553051 -13.108966
-14.224309 -15.735412 -17.345302 -18.848410 -19.978580
-20.522788 -20.200030 -18.970043 -16.881280 -14.164173
-10.946471 -7.457167 -3.869602 -0.395406 2.921141
5.993585 8.729431 10.961261 12.673714 13.925019
14.887892 15.704484 16.598109 17.745574 19.314222
21.294928 23.601139 26.011629 28.325086 30.293237
31.728564 32.433305 32.368751 31.582114 30.320683
28.802960 27.337309 26.099486 25.353811 25.152071
25.585155 26.483097 27.791168 29.243637 30.705653
31.812986 32.399124 32.209574 31.358131 29.923305
28.267916 26.510097 24.939752 23.615522 22.813873
22.496432 22.722906 23.269421 24.140879 25.118731
26.145038 26.922232 27.427336 27.507947 27.298034
26.737279 26.035375 25.193832 24.443604 23.730982
23.193158 22.729644 22.491091 22.430079 22.684632
23.128219 23.800250 24.542324 25.403120 26.201373
26.921264 27.359019 27.569168 27.462038 27.168903
26.659170 26.118270 25.549864 25.104844 24.739297
24.580848 24.570929 24.781591 25.084881 25.496672
25.835673 26.057209 25.979516 25.622415 24.879603
23.805905 22.394032 20.863461 19.352771 18.073844
17.096432 16.531408 16.330183 16.422143 16.669399
17.010759 17.335279 17.517058 17.425084 17.025775
16.287809 15.151773 13.515958 11.410202 8.935858
6.288506 3.539004 0.774576 -2.006714 -4.684358
-7.210167 -9.489127 -11.565163 -13.427120 -15.123810
-16.606334 -17.887974 -18.891742 -19.579795 -19.770170
-19.333051 -18.102909 -16.164214 -13.644598 -10.830668
-7.880530 -5.066054 -2.557670 -0.584377 0.849005
1.721362 2.140782 2.147021 1.928393 1.640047
1.497611 1.603749 2.056377 2.871342 4.058823
5.608007 7.508275 9.720837 12.155853 14.698924
17.249169 19.706369 22.014730 24.100895 25.948780
27.465140 28.607672 29.303610 29.562567 29.312062
28.503354 27.152745 25.445075 23.614204 21.835680
20.228295 18.901479 17.932166 17.318616 16.957424
16.764765 16.626668 16.477717 16.152809 15.571587
14.612521 13.296429 11.565130 9.477716 7.063350
4.532898 2.060036 -0.122978 -1.880155 -3.065499
-3.659166 -3.724850 -3.405745 -2.830869 -2.132667
-1.461595 -0.957703 -0.732114 -0.853692 -1.360168
-2.178233 -3.237300 -4.503444 -6.096884 -7.943777
-9.911028 -11.683964 -13.283539 -14.594084 -15.710479
-16.426046 -16.934249 -17.184553 -17.458501 -17.685067
-18.143833 -18.756345 -19.754813 -21.098396 -23.109220
-25.723478 -29.050681 -32.920562 -37.516425 -42.685997
-48.334108 -54.017884 -59.592491 -64.740075 -69.330539
-73.035913 -75.847120 -77.706136 -78.781610 -79.087015
-78.790811 -77.916443 -76.588642 -74.786626 -72.599961
-69.985868 -67.002401 -63.600617 -59.902002 -55.925660
-51.843991 -47.643302 -43.480976 -39.294502 -35.255607
-31.294895 -27.604233 -24.072292 -20.853911 -17.835365
-15.208185 -12.861553 -10.907371 -9.158366 -7.682874
-6.287625 -5.036819 -3.820329 -2.842650 -2.090540
-1.649759 -1.278970 -0.858938 -0.152949 0.860043
2.256551 3.961009 5.921384 7.965137 9.944284
11.690910 13.088373 14.050410 14.540778 14.604498
14.321351 13.826946 13.231847 12.683641 12.278265
12.122695 12.221445 12.564326 13.052090 13.604078
14.087934 14.453475 14.681787 14.871621 15.034318
15.205674 15.331463 15.477436 15.561378 15.565881
15.381568 15.130230 14.820555 14.513547 14.072762
13.539814 12.896226 12.286533 11.708494 11.298431
11.043071 11.056777 11.263953 11.724550 12.313721
13.082615 13.914353 14.875397 15.801093 16.714774
17.474473 18.211225 18.828634 19.425532 19.880586
20.373606 20.844360 21.446970 22.043642 22.785565
23.534986 24.439103 25.356631 26.531341 27.814146
29.375565 30.900159 32.578825 34.114179 35.773708
37.276209 38.989244 40.689155 42.702426 44.707560
46.974717 49.263799 51.928365 54.762331 58.135435
61.989683 66.910087 72.872630 80.170603 88.323973
97.211991 106.012867 114.290208 121.058152 126.008024
128.549085 128.920494 127.191017 124.268110 120.659385
117.279368 114.305401 112.173913 110.586818 109.563423
108.593991 107.698804 106.502964 105.151085 103.411797
101.617931 99.660820 97.865584 95.959532 94.167536
92.169997 90.205024 87.899612 85.434483 82.470307
79.279479 75.624227 71.720191 67.268645 62.479808
57.233638 51.924290 46.518344 41.343799 36.291647
31.632235 27.217345 23.234696 19.507906 16.241589
13.285814 10.779417 8.501280 6.532838 4.620285
2.776577 0.772385 -1.215789 -3.167704 -4.825055
-6.293839 -7.565989 -8.839379 -10.032584 -11.133731
-11.985439 -12.620073 -13.070022 -13.477707 -13.924869
-14.450524 -15.007248 -15.451407 -15.669780 -15.574823
-15.225344 -14.629270 -13.867971 -12.988987 -12.206237
-11.620518 -11.333705 -11.265935 -11.453594 -11.841130
-12.502302 -13.401024 -14.639541 -16.104698 -17.731868
-19.259365 -20.646993 -21.726138 -22.531057 -22.935993
-23.094738 -23.004565 -22.834334 -22.464443 -21.963606
-21.270715 -20.630097 -20.112556 -19.951966 -20.118706
-20.768599 -21.784654 -23.210848 -24.778028 -26.480050
-28.072845 -29.664583 -31.073704 -32.443679 -33.537579
-34.475753 -35.058956 -35.556048 -35.892135 -36.380078
-36.893025 -37.707037 -38.683717 -40.095715 -41.738905
-43.808448 -46.037920 -48.620123 -51.256500 -54.085561
-56.731375 -59.360862 -61.707727 -64.062974 -66.174100
-68.294552 -70.182702 -72.179631 -74.078305 -76.149580
-78.108466 -80.249032 -82.357957 -84.701976 -86.926267
-89.180849 -91.132924 -93.010979 -94.476291 -95.660277
-96.228126 -96.477307 -96.296481 -96.061524 -95.638848
-95.337057 -94.958027 -94.689996 -94.248579 -93.816942
-93.159467 -92.474512 -91.504683 -90.425520 -88.915468
-87.072058 -84.533425 -81.493605 -77.728207 -73.551577
-68.818894 -63.942778 -58.876485 -54.051664 -49.380972
-45.203339 -41.367724 -38.144564 -35.355084 -33.213538
-31.459486 -30.234937 -29.330117 -28.967499 -28.859940
-28.983703 -28.916253 -28.725871 -28.128255 -27.167388
-25.569501 -23.551157 -21.114517 -18.564911 -15.919795
-13.467748 -11.233159 -9.367948 -7.788794 -6.617758
-5.818840 -5.448062 -5.344060 -5.471052 -5.674533
-5.938874 -6.101854 -6.161407 -6.054472 -5.907085
-5.679015 -5.395981 -4.965218 -4.472429 -3.929109
-3.417164 -2.958432 -2.655489 -2.534683 -2.559631
-2.671419 -2.859656 -3.133582 -3.423778 -3.660295
-3.802846 -3.878348 -3.887891 -3.837190 -3.706492
-3.460930 -3.012543 -2.323542 -1.386287 -0.245538
1.128219 2.698087 4.410293 6.070706 7.568218
8.779203 9.719902 10.344308 10.704727 10.810285
10.774257 10.624076 10.459272 10.365052 10.549751
11.097004 12.043050 13.267726 14.734924 16.298013
17.860311 19.218280 20.372447 21.268420 21.986185
22.415500 22.612197 22.505111 22.256759 21.867035
21.526864 21.210610 21.103232 21.212224 21.727726
22.516362 23.547729 24.577854 25.678442 26.741509
27.877000 28.922699 30.010179 31.041112 32.174020
33.245440 34.336965 35.276249 36.173897 36.917920
37.648270 38.309645 39.047546 39.783909 40.588557
41.379228 42.266856 43.179760 44.144215 45.001430
45.757554 46.237848 46.390793 46.014357 45.119489
43.581826 41.455610 38.723695 35.652590 32.402916
29.234231 26.192742 23.473155 21.107150 19.207114
17.632723 16.348411 15.181278 14.167437 13.221368
12.400993 11.548007 10.638386 9.520202 8.270971
6.844724 5.374872 3.873599 2.530904 1.369878
0.460721 -0.308217 -0.956521 -1.563249 -2.134456
-2.732976 -3.361578 -3.984850 -4.535405 -4.989786
-5.414371 -5.848898 -6.307537 -6.706753 -7.028493
-7.211897 -7.280677 -7.194632 -7.075037 -7.000793
-7.184671 -7.653938 -8.501147 -9.609348 -11.009906
-12.574329 -14.349783 -16.183013 -18.071224 -19.823360
-21.459298 -22.893009 -24.259255 -25.530826 -26.806473
-28.014890 -29.255867 -30.483527 -31.808988 -33.180793
-34.692794 -36.215126 -37.717404 -38.994880 -40.033093
-40.656375 -40.839757 -40.446880 -39.585622 -38.265251
-36.674508 -34.918866 -33.323207 -32.033965 -31.226535
-30.829258 -30.884661 -31.227995 -31.776053 -32.256362
-32.598301 -32.599434 -32.234123 -31.347104 -30.028793
-28.271219 -26.238176 -23.944408 -21.576982 -19.220885
-17.084663 -15.210780 -13.685793 -12.456674 -11.539092
-10.824880 -10.266881 -9.740714 -9.230921 -8.583542
-7.704764 -6.435412 -4.820097 -2.820675 -0.539815
1.918197 4.265388 6.428353 8.399447 10.168373
11.470271 12.142276 12.229482 11.906514 11.210291
10.181883 8.988717 7.849447 6.829630 5.919629
5.190264 4.769744 4.696015 4.875412 5.226169
5.682171 6.223566 6.756183 7.256574 7.669257
8.030043 8.251827 8.331027 8.238033 8.141270
8.097461 8.171835 8.266772 8.444296 8.726077
9.230727 9.883335 10.643638 11.320282 11.862737
12.163732 12.321314 12.349470 12.382476 12.367388
12.376778 12.384728 12.563008 12.906589 13.507954
14.291617 15.356156 16.586589 17.975593 19.367440
20.842767 22.251141 23.535050 24.475496 25.209868
25.751510 26.273131 26.684774 27.132448 27.547585
28.027287 28.441962 28.944838 29.507256 30.289783
31.148087 32.157281 33.149922 34.232348 35.242043
36.280032 37.172607 38.015813 38.654483 39.196815
39.529323 39.768972 39.825369 39.847641 39.882723
40.219238 40.914410 42.061345 43.467401 45.071111
46.610167 47.949865 48.758210 48.906044 48.156892
46.515895 43.916900 40.569250 36.626220 32.466724
28.338619 24.605701 21.365096 18.756446 16.689504
15.227229 14.211864 13.594632 13.095080 12.632721
11.952156 11.049748 9.793675 8.351039 6.673146
4.927294 3.104950 1.492418 0.143622 -0.748639
-1.190334 -1.000159 -0.268263 0.875542 2.097768
3.284224 4.312175 5.171849 5.741957 6.056717
6.159392 6.206055 6.228521 6.262184 6.279459
6.310288 6.361722 6.452141 6.627194 6.939285
7.404354 7.926834 8.421087 8.831884 9.152119
9.320035 9.264169 8.946058 8.359924 7.496576
6.334996 4.888788 3.211286 1.389418 -0.446784
-2.155596 -3.601334 -4.706632 -5.404942 -5.690639
-5.620808 -5.338999 -4.946371 -4.491404 -4.003356
-3.585123 -3.348979 -3.363009 -3.626204 -4.142409
-4.902806 -5.874705 -6.947414 -8.019861 -8.985876
-9.820792 -10.464500 -10.938939 -11.221252 -11.403900
-11.482394 -11.534407 -11.537554 -11.597377 -11.696090
-11.864683 -11.985105 -12.068170 -12.079572 -12.126747
-12.197457 -12.365722 -12.595552 -12.998023 -13.552311
-14.332920 -15.218952 -16.221316 -17.183349 -18.141770
-18.998090 -19.837047 -20.504670 -21.013657 -21.286518
-21.546197 -21.794462 -22.111100 -22.359091 -22.697360
-23.124345 -23.775986 -24.521520 -25.463076 -26.507465
-27.715799 -28.865594 -29.962182 -30.858051 -31.683518
-32.354224 -32.991958 -33.478050 -33.946237 -34.355611
-34.898703 -35.474483 -36.133310 -36.708353 -37.302470
-37.800728 -38.274948 -38.580132 -38.837207 -38.958158
-39.034081 -38.912716 -38.682334 -38.236843 -37.683376
-36.923202 -36.113042 -35.234465 -34.456557 -33.696522
-33.049193 -32.425950 -31.953704 -31.539974 -31.236945
-30.849785 -30.397238 -29.737604 -28.965539 -27.960485
-26.816042 -25.474694 -24.117048 -22.684342 -21.247971
-19.718353 -18.262894 -16.894395 -15.723859 -14.669630
-13.832452 -13.200533 -12.859588 -12.692599 -12.667329
-12.615664 -12.494919 -12.174208 -11.694461 -11.040561
-10.289101 -9.367217 -8.264782 -6.976853 -5.655409
-4.404277 -3.276671 -2.237277 -1.299444 -0.500350
0.134047 0.635098 1.060925 1.468605 1.904752
2.396492 2.972649 3.672039 4.557475 5.644162
6.916857 8.295737 9.720562 11.061466 12.231101
13.130853 13.792608 14.194964 14.375889 14.311105
14.124482 13.879300 13.709145 13.626284 13.758517
14.132401 14.839547 15.778986 16.908347 18.040317
19.140396 20.079230 20.903160 21.526233 22.022046
22.319253 22.543134 22.669860 22.842865 22.977284
23.160488 23.336586 23.675181 24.116727 24.704449
25.301783 25.990211 26.678010 27.362657 27.848681
28.171812 28.287484 28.371671 28.438894 28.681956
29.056979 29.617794 30.175053 30.714257 31.049793
31.166012 30.897476 30.299983 29.333987 28.189953
26.945415 25.850403 24.912427 24.249326 23.780386
23.618437 23.601476 23.677807 23.597846 23.390924
22.902471 22.159874 21.063824 19.859171 18.638553
17.634112 16.807076 16.347874 16.200716 16.465476
16.962016 17.748698 18.631334 19.581985 20.338636
20.913111 21.158490 21.155721 20.823845 20.360692
19.824946 19.479366 19.376685 19.701715 20.376608
21.411080 22.641358 24.049822 25.437141 26.664317
27.501591 27.954797 28.037783 27.882827 27.480330
26.913757 26.193511 25.454453 24.695609 23.956633
23.125938 22.204684 21.153363 20.048149 18.841212
17.530567 16.064367 14.528011 12.935122 11.364754
9.836387 8.504479 7.398075 6.541976 5.810393
5.221191 4.742268 4.413246 4.109950 3.776607
3.297111 2.693929 1.950636 1.135567 0.241727
-0.677599 -1.585936 -2.394250 -3.085832 -3.655860
-4.091046 -4.326261 -4.340756 -4.193639 -3.958750
-3.678586 -3.388839 -3.190214 -3.174217 -3.396073
-3.850823 -4.554097 -5.462641 -6.482458 -7.450600
-8.283176 -8.928255 -9.389799 -9.615032 -9.626418
-9.471164 -9.291481 -9.125579 -8.997465 -8.863656
-8.804511 -8.861627 -9.067177 -9.299583 -9.489757
-9.599283 -9.695782 -9.758157 -9.758550 -9.665459
-9.571617 -9.515250 -9.514244 -9.528309 -9.636141
-9.850494 -10.164322 -10.462463 -10.736957 -10.939375
-11.050577 -10.981301 -10.731421 -10.271380 -9.606375
-8.721176 -7.711734 -6.684293 -5.772930 -5.039614
-4.577294 -4.431753 -4.639658 -5.099472 -5.674035
-6.179786 -6.508639 -6.545885 -6.247120 -5.612418
-4.764421 -3.811752 -2.845567 -1.890112 -1.032612
-0.356696 0.050182 0.205587 0.146845 -0.044057
-0.301669 -0.508363 -0.562444 -0.392097 -0.034571
0.443829 0.968477 1.520453 2.050686 2.515888
2.826434 2.934996 2.812064 2.527017 2.148627
1.718719 1.205467 0.631130 0.076481 -0.365403
-0.674127 -0.838078 -0.833161 -0.666378 -0.453223
-0.331660 -0.370834 -0.542004 -0.807293 -1.152269
-1.578085 -2.070156 -2.587920 -3.063328 -3.416664
-3.588751 -3.579505 -3.425184 -3.171090 -2.814505
-2.390851 -1.998736 -1.793771 -1.803633 -1.927846
-2.035448 -2.116120 -2.215764 -2.343162 -2.455883
-2.558354 -2.692857 -2.905460 -3.162740 -3.463935
-3.817526 -4.271276 -4.736776 -5.082700 -5.178629
-5.047835 -4.731200 -4.250449 -3.586082 -2.817035
-2.078353 -1.539202 -1.298540 -1.447426 -1.973715
-2.840601 -3.916814 -5.072199 -6.061828 -6.694165
-6.867310 -6.702185 -6.299029 -5.734103 -5.011689
-4.294042 -3.751185 -3.559140 -3.726184 -4.254645
-5.061398 -6.065725 -7.092355 -8.002683 -8.685695
-9.144686 -9.404556 -9.521935 -9.506210 -9.420967
-9.327974 -9.337307 -9.446961 -9.611868 -9.713410
-9.719835 -9.631848 -9.493855 -9.286180 -8.965973
-8.477064 -7.846042 -7.152851 -6.521222 -5.977560
-5.532643 -5.159732 -4.920509 -4.776237 -4.679354
-4.509954 -4.278863 -3.959165 -3.562965 -3.045761
-2.481805 -1.926388 -1.460786 -1.089358 -0.882171
-0.889248 -1.180648 -1.727582 -2.485575 -3.342871
-4.236073 -5.097382 -5.896975 -6.528976 -6.890830
-6.899330 -6.589808 -6.032618 -5.309256 -4.469193
-3.586151 -2.756396 -2.062643 -1.529551 -1.158425
-0.991651 -1.086936 -1.406425 -1.814533 -2.178406
-2.466737 -2.643113 -2.631080 -2.347501 -1.832456
-1.165480 -0.407866 0.421737 1.227073 1.865307
2.221387 2.297522 2.139751 1.764745 1.159426
0.386076 -0.396498 -1.025886 -1.417202 -1.527131
-1.308073 -0.767935 -0.022106 0.770434 1.510040
2.144896 2.616692 2.868351 2.899268 2.746490
2.454138 2.058168 1.626801 1.235269 0.952802
0.816647 0.852818 1.068061 1.434643 1.893386
2.359606 2.770899 3.053563 3.142722 2.985367
2.634774 2.201548 1.779423 1.350267 0.881267
0.399059 0.013133 -0.216967 -0.311113 -0.364471
-0.430233 -0.548070 -0.718216 -0.983321 -1.347912
-1.823841 -2.368464 -2.985899 -3.656364 -4.373743
-5.045976 -5.610169 -6.011213 -6.290600 -6.447548
-6.515987 -6.524080 -6.604883 -6.825328 -7.203593
-7.639535 -8.103410 -8.570588 -9.097422 -9.676384
-10.325725 -10.959189 -11.542256 -12.020945 -12.455945
-12.812222 -13.055548 -13.067901 -12.884793 -12.562393
-12.244780 -11.955176 -11.748514 -11.622342 -11.657690
-11.830597 -12.144082 -12.520172 -12.971276 -13.396602
-13.737158 -13.877723 -13.880408 -13.763856 -13.584109
-13.245734 -12.764147 -12.149291 -11.548618 -10.995085
-10.575022 -10.290952 -10.238200 -10.371108 -10.648498
-10.930238 -11.213431 -11.446584 -11.615935 -11.591495
-11.367996 -10.971246 -10.550649 -10.125785 -9.719676
-9.293849 -8.945722 -8.703540 -8.600153 -8.557763
-8.581647 -8.619706 -8.654748 -8.596604 -8.428318
-8.077607 -7.547215 -6.856865 -6.162132 -5.527276
-4.988295 -4.509104 -4.174191 -4.004047 -3.984861
-3.994111 -4.011964 -4.030035 -4.090987 -4.160433
-4.227060 -4.230884 -4.162767 -4.022814 -3.889221
-3.793465 -3.726427 -3.614320 -3.437881 -3.232538
-3.079234 -3.022743 -3.053046 -3.112228 -3.129569
-3.049358 -2.844212 -2.523040 -2.124025 -1.689054
-1.222307 -0.683692 -0.033876 0.696540 1.430447
2.105422 2.724296 3.273149 3.713658 3.999745
4.174733 4.285721 4.358168 4.358373 4.301742
4.210812 4.140667 4.129161 4.234347 4.427920
4.681319 4.985999 5.424104 5.942864 6.454789
6.900381 7.421838 8.005198 8.526205 8.799093
8.937484 9.018902 9.079166 9.025306 9.004722
9.122080 9.440278 9.826176 10.296915 10.847956
11.539354 12.304861 13.174459 14.075037 14.987611
15.823164 16.634560 17.384686 18.053078 18.522968
18.821332 18.963314 19.025738 18.970021 18.816103
18.557095 18.285443 18.023343 17.816361 17.613927
17.420231 17.165035 16.823612 16.285278 15.539940
14.574100 13.507037 12.383734 11.289912 10.209021
9.218230 8.319748 7.593793 7.006751 6.596379
6.281394 6.069459 5.891159 5.792554 5.691913
5.578876 5.365322 5.101372 4.713047 4.206851
3.571673 3.014472 2.641140 2.514776 2.541207
2.722495 3.001762 3.356031 3.732757 4.186308
4.691313 5.202501 5.669298 6.161407 6.645428
7.026942 7.229575 7.377075 7.517808 7.561294
7.347196 6.934676 6.465184 6.033119 5.612545
5.220064 4.881228 4.616383 4.403145 4.282778
4.276903 4.401745 4.600303 4.863125 5.125911
5.352164 5.450658 5.420671 5.230480 4.929651
4.535019 4.148459 3.789769 3.507410 3.283071
3.194436 3.263810 3.539451 3.949648 4.471053
5.023181 5.602269 6.118152 6.556474 6.869974
7.128222 7.313046 7.459521 7.543696 7.665930
7.841213 8.118313 8.449164 8.885248 9.399123
9.995123 10.581919 11.176904 11.766499 12.381024
12.913450 13.318384 13.569352 13.769060 13.904901
13.956006 13.896276 13.872806 13.963291 14.155302
14.310304 14.401969 14.431446 14.435035 14.387363
14.312203 14.176303 13.935233 13.506116 12.903621
12.147767 11.293773 10.362567 9.428303 8.510237
7.628532 6.758768 5.934490 5.149673 4.402356
3.650470 2.917827 2.226652 1.595187 0.949859
0.237505 -0.529772 -1.257818 -1.919720 -2.544538
-3.128235 -3.581514 -3.880545 -4.129433 -4.418965
-4.720987 -4.983425 -5.276411 -5.670134 -6.145484
-6.615868 -7.105921 -7.652674 -8.267171 -8.877380
-9.480620 -10.036428 -10.519042 -10.862698 -11.123471
-11.322906 -11.486612 -11.546284 -11.537995 -11.502560
-11.533318 -11.587815 -11.640951 -11.648700 -11.695760
-11.787388 -11.927801 -12.045397 -12.184433 -12.324282
-12.466702 -12.533945 -12.542712 -12.415113 -12.133945
-11.697114 -11.289672 -10.966206 -10.737760 -10.533346
-10.456483 -10.476303 -10.502354 -10.367871 -10.162477
-9.962996 -9.809585 -9.566766 -9.236792 -8.843728
-8.500305 -8.212984 -8.060832 -8.041038 -8.188349
-8.410363 -8.689610 -8.953741 -9.213263 -9.372022
-9.401624 -9.253186 -9.015655 -8.700328 -8.328716
-7.839757 -7.306328 -6.800203 -6.441018 -6.219316
-6.151944 -6.200427 -6.386586 -6.630091 -6.888877
-7.091459 -7.283527 -7.434658 -7.527029 -7.465100
-7.288490 -7.024908 -6.757095 -6.449429 -6.129461
-5.803186 -5.580990 -5.495646 -5.589132 -5.801050
-6.122568 -6.496586 -6.917705 -7.305256 -7.632476
-7.832908 -7.936362 -7.938727 -7.900887 -7.802087
-7.679085 -7.527453 -7.419608 -7.342846 -7.302932
-7.247380 -7.213816 -7.212022 -7.281550 -7.383331
-7.518309 -7.662696 -7.833813 -7.975945 -8.063460
-8.071285 -8.058045 -8.023176 -7.951855 -7.799784
-7.608443 -7.409848 -7.223396 -7.024280 -6.813595
-6.571434 -6.271282 -5.899704 -5.502238 -5.106313
-4.698883 -4.249636 -3.776811 -3.285261 -2.749868
-2.141309 -1.485683 -0.803167 -0.084891 0.672099
1.426634 2.155759 2.873393 3.553309 4.090085
4.413341 4.568076 4.645019 4.672900 4.664948
4.683929 4.796056 5.001486 5.264066 5.581210
5.937190 6.294282 6.617016 6.927157 7.193193
7.331118 7.261032 7.031987 6.718900 6.373079
5.998466 5.668684 5.457399 5.395975 5.406427
5.442687 5.509163 5.669516 5.880552 6.052932
6.093794 6.034325 5.883715 5.620950 5.181654
4.617477 4.005770 3.422330 2.857264 2.331918
1.867356 1.536636 1.390135 1.487964 1.795157
2.227715 2.649758 2.978110 3.146274 3.129718
2.915609 2.556895 2.133517 1.719602 1.311471
0.900023 0.540696 0.356366 0.390354 0.571253
0.808515 1.071652 1.311051 1.387860 1.187819
0.731778 0.140892 -0.502379 -1.160423 -1.784335
-2.311022 -2.708271 -2.970307 -3.087031 -3.051684
-2.902314 -2.696696 -2.502766 -2.365245 -2.336389
-2.422492 -2.598480 -2.794119 -2.964273 -3.089392
-3.182973 -3.241216 -3.254904 -3.213617 -3.151292
-3.102009 -3.113744 -3.200985 -3.384055 -3.623753
-3.880869 -4.104957 -4.294147 -4.412354 -4.427060
-4.322729 -4.164497 -4.000543 -3.846758 -3.684364
-3.544328 -3.449115 -3.402908 -3.375144 -3.367036
-3.371034 -3.371570 -3.327002 -3.235943 -3.104324
-2.952634 -2.772245 -2.586378 -2.422565 -2.317630
-2.238386 -2.128460 -1.939529 -1.686268 -1.390383
-1.066931 -0.738934 -0.473842 -0.336892 -0.345493
-0.465711 -0.654716 -0.864540 -1.031323 -1.095925
-1.034492 -0.873895 -0.634414 -0.319722 0.097282
0.604851 1.157298 1.657563 2.042434 2.289815
2.438498 2.509669 2.538789 2.561149 2.656229
2.848301 3.148787 3.537508 4.041534 4.615316
5.177052 5.612532 5.923628 6.141783 6.305683
6.367103 6.317403 6.179516 6.065036 6.033767
6.126068 6.292500 6.528035 6.811041 7.176709
7.593989 8.041293 8.431570 8.736358 8.918842
9.014743 9.003860 8.901468 8.690279 8.450247
8.220764 8.077629 8.000904 8.013948 8.064555
8.158645 8.234710 8.308053 8.334873 8.339731
8.268189 8.150171 7.965012 7.782940 7.571836
7.392206 7.265622 7.340888 7.592017 7.981120
8.350140 8.731820 9.101242 9.503205 9.836126
10.129577 10.330969 10.515721 10.664307 10.895509
11.171307 11.536289 11.932050 12.480288 13.134376
13.894983 14.620158 15.359213 16.033706 16.655747
17.132982 17.587292 18.016515 18.485835 18.913410
19.399424 19.909139 20.482097 21.018252 21.612895
22.245842 22.950440 23.559633 24.057442 24.378519
24.613039 24.701795 24.691473 24.552254 24.396236
24.172550 23.894505 23.520250 23.195663 22.919489
22.669818 22.310071 21.907757 21.492734 21.111380
20.643593 20.071185 19.332717 18.470150 17.446303
16.346583 15.170256 13.988160 12.764295 11.575654
10.412960 9.333971 8.269495 7.216337 6.090841
4.923359 3.712955 2.569796 1.526936 0.660988
-0.050447 -0.572691 -0.944262 -1.159258 -1.298534
-1.388704 -1.483638 -1.576104 -1.722808 -1.960379
-2.310260 -2.701810 -3.073161 -3.404424 -3.722895
-4.032303 -4.302014 -4.506575 -4.636388 -4.725202
-4.796910 -4.901363 -5.034824 -5.207193 -5.380738
-5.582236 -5.814227 -6.109051 -6.399592 -6.645575
-6.803280 -6.926877 -7.002977 -7.031260 -6.994172
-7.004834 -7.119377 -7.364692 -7.647772 -7.969194
-8.307959 -8.698234 -9.066713 -9.408477 -9.674694
-9.906752 -10.061931 -10.162001 -10.159801 -10.110658
-10.008428 -9.928790 -9.857937 -9.870130 -9.958211
-10.181012 -10.464505 -10.802285 -11.116834 -11.462062
-11.792368 -12.135186 -12.400593 -12.626725 -12.765247
-12.883422 -12.937253 -13.005443 -13.062311 -13.177459
-13.284453 -13.428100 -13.579833 -13.843720 -14.186604
-14.643729 -15.130248 -15.690275 -16.227068 -16.734112
-17.102924 -17.405842 -17.593257 -17.699895 -17.627571
-17.459155 -17.193631 -16.940448 -16.661464 -16.450908
-16.300954 -16.321422 -16.468119 -16.800092 -17.233638
-17.786027 -18.297739 -18.736675 -18.987829 -19.147547
-19.168548 -19.099387 -18.829652 -18.454553 -17.971614
-17.530563 -17.118099 -16.859608 -16.705778 -16.720178
-16.814215 -17.048081 -17.313012 -17.635206 -17.942616
-18.344264 -18.735017 -19.065825 -19.169605 -19.161431
-19.066632 -18.990999 -18.823517 -18.632106 -18.416505
-18.320349 -18.280052 -18.317311 -18.351855 -18.469526
-18.607871 -18.770108 -18.846278 -18.886392 -18.824148
-18.679058 -18.398847 -18.099281 -17.748643 -17.347025
-16.820928 -16.312516 -15.847609 -15.447906 -15.003592
-14.586228 -14.180831 -13.786104 -13.283700 -12.730408
-12.141379 -11.561402 -10.900479 -10.195574 -9.469482
-8.840456 -8.310462 -7.923272 -7.607159 -7.361006
-7.126242 -6.932191 -6.701189 -6.396344 -5.954227
-5.441122 -4.872046 -4.278818 -3.642190 -3.030820
-2.466396 -1.976114 -1.551550 -1.256768 -1.106419
-1.078013 -1.097247 -1.133087 -1.130413 -1.025192
-0.776640 -0.434846 -0.055985 0.348444 0.791945
1.239135 1.638733 1.983036 2.298265 2.603946
2.883331 3.134837 3.345086 3.529499 3.692877
3.876399 4.068588 4.261409 4.428617 4.603293
4.781960 4.959496 5.103821 5.253263 5.428923
5.662091 5.917555 6.215601 6.549419 6.947438
7.335464 7.678991 7.924128 8.129007 8.279329
8.389297 8.411023 8.399927 8.344196 8.282207
8.207812 8.234671 8.377871 8.661886 9.005332
9.445037 9.920947 10.428783 10.873831 11.320708
11.739538 12.138338 12.374371 12.477369 12.477085
12.529944 12.593266 12.674192 12.747625 12.991160
13.442711 14.101715 14.818953 15.597925 16.389260
17.171904 17.808943 18.295378 18.613332 18.818606
18.869406 18.812310 18.651680 18.465542 18.233638
17.966635 17.591798 17.111463 16.512632 15.860216
15.135559 14.338322 13.427494 12.461317 11.448036
10.447785 9.470779 8.621554 7.891234 7.272262
6.648363 6.001663 5.243108 4.379588 3.423397
2.549867 1.829953 1.283835 0.807721 0.433894
0.195193 0.146154 0.194173 0.285126 0.373319
0.509647 0.666560 0.792135 0.791296 0.673890
0.489351 0.304520 0.108526 -0.121677 -0.393570
-0.661813 -0.874596 -1.017274 -1.112719 -1.198897
-1.268302 -1.300999 -1.274623 -1.219561 -1.161816
-1.132018 -1.128337 -1.177712 -1.300456 -1.522803
-1.814880 -2.148444 -2.489733 -2.845173 -3.180803
-3.462495 -3.651795 -3.792882 -3.927711 -4.089715
-4.242780 -4.378898 -4.497689 -4.643713 -4.828889
-5.046447 -5.235286 -5.367948 -5.474602 -5.628148
-5.819864 -5.962773 -5.989327 -5.943829 -5.894518
-5.853638 -5.780509 -5.673807 -5.537839 -5.358094
-5.096306 -4.757320 -4.357059 -3.915250 -3.450949
-2.994126 -2.527284 -2.008456 -1.449246 -0.942938
-0.543058 -0.210977 0.099709 0.343629 0.465269
0.502435 0.563511 0.709288 0.922521 1.174214
1.457089 1.782986 2.150595 2.555151 2.956407
3.314059 3.597143 3.826309 4.015000 4.179371
4.322540 4.479275 4.661849 4.881713 5.129146
5.428770 5.776418 6.155085 6.506463 6.817413
7.082847 7.315886 7.463510 7.485193 7.347050
7.103936 6.789818 6.445322 6.050528 5.650299
5.287125 5.040938 4.895816 4.828497 4.773610
4.746444 4.742402 4.795059 4.873077 4.991349
5.123882 5.299148 5.478538 5.665515 5.810054
5.928624 5.991992 6.033801 6.043314 6.049969
6.013154 5.942837 5.845423 5.803423 5.819036
5.871769 5.879754 5.873554 5.900282 6.018700
6.133522 6.162223 6.075332 5.986671 5.912141
5.808381 5.605330 5.409648 5.308924 5.347703
5.452000 5.633591 5.857180 6.100931 6.277818
6.426580 6.548074 6.651441 6.650443 6.564548
6.410836 6.277477 6.173789 6.152151 6.183520
6.283630 6.413909 6.618110 6.890157 7.261654
7.688295 8.156464 8.587318 8.937569 9.140671
9.212431 9.155964 9.029119 8.864689 8.734045
8.641137 8.601367 8.611038 8.689346 8.751898
8.685131 8.423037 8.040738 7.599804 7.089688
6.459833 5.773412 5.142470 4.637333 4.197521
3.769043 3.345889 2.970398 2.601323 2.170936
1.666649 1.182718 0.770738 0.375917 -0.092441
-0.618679 -1.122482 -1.557955 -1.949892 -2.296266
-2.547027 -2.681527 -2.785849 -2.996830 -3.356813
-3.794860 -4.215775 -4.614299 -5.004740 -5.378961
-5.698926 -5.985666 -6.253164 -6.491889 -6.649852
-6.740390 -6.787525 -6.829590 -6.857620 -6.900772
-6.963569 -7.055271 -7.123097 -7.154882 -7.145633
-7.142237 -7.136022 -7.110650 -7.017717 -6.882994
-6.737422 -6.633330 -6.552866 -6.490399 -6.418128
-6.342767 -6.220917 -6.040308 -5.804900 -5.593740
-5.432869 -5.303174 -5.126443 -4.888515 -4.599080
-4.292262 -3.950650 -3.574507 -3.167307 -2.772706
-2.404874 -2.075058 -1.773008 -1.505384 -1.260090
-1.026857 -0.794983 -0.570956 -0.336910 -0.056993
0.283457 0.641764 0.951230 1.187370 1.369952
1.536335 1.703632 1.893086 2.126562 2.427585
2.783751 3.159457 3.508924 3.815472 4.083043
4.336621 4.599028 4.892751 5.212272 5.534698
5.822770 6.066734 6.268883 6.431596 6.515237
6.471606 6.267748 5.927661 5.497717 5.032421
4.565020 4.125566 3.724127 3.373192 3.075374
2.855120 2.713541 2.631908 2.539437 2.387375
2.164003 1.915772 1.667327 1.421418 1.161328
0.902446 0.651400 0.406625 0.158132 -0.062468
-0.217448 -0.291068 -0.306283 -0.293644 -0.283038
-0.312684 -0.421816 -0.649800 -1.011768 -1.491138
-2.005873 -2.472362 -2.859389 -3.209176 -3.520791
-3.746446 -3.845903 -3.877465 -3.896703 -3.915836
-3.910274 -3.912079 -3.945488 -4.013697 -4.098995
-4.234821 -4.427560 -4.639637 -4.801300 -4.918098
-5.021593 -5.132221 -5.202406 -5.213429 -5.169983
-5.109350 -5.001538 -4.813016 -4.534547 -4.255928
-4.041523 -3.907889 -3.798347 -3.713637 -3.664714
-3.676216 -3.702946 -3.709960 -3.645074 -3.515594
-3.342905 -3.176265 -2.986371 -2.744428 -2.460675
-2.246113 -2.145480 -2.140256 -2.168960 -2.268784
-2.450067 -2.676765 -2.840582 -2.922064 -2.933510
-2.887240 -2.708186 -2.376185 -1.957818 -1.613364
-1.408679 -1.326819 -1.306743 -1.391454 -1.621929
-1.999831 -2.420190 -2.809988 -3.109183 -3.312962
-3.398548 -3.392114 -3.312158 -3.201248 -3.069127
-2.953231 -2.875571 -2.876892 -2.955301 -3.117424
-3.342620 -3.639788 -3.986628 -4.355900 -4.673426
-4.906899 -5.046619 -5.115898 -5.064532 -4.842032
-4.436105 -3.963250 -3.521036 -3.169800 -2.897875
-2.763772 -2.814044 -3.068183 -3.425301 -3.786524
-4.064074 -4.254362 -4.356122 -4.389809 -4.336583
-4.216313 -4.058210 -3.944933 -3.908121 -3.974066
-4.119104 -4.346812 -4.607922 -4.849147 -4.991568
-5.018127 -4.930635 -4.750527 -4.461903 -4.071241
-3.611080 -3.171744 -2.812506 -2.572919 -2.444307
-2.434582 -2.507994 -2.623087 -2.714098 -2.753214
-2.702394 -2.554068 -2.327061 -2.096470 -1.898268
-1.722785 -1.527256 -1.336107 -1.204140 -1.166105
-1.166475 -1.152492 -1.139769 -1.194304 -1.285330
-1.293688 -1.157390 -0.957909 -0.776574 -0.587482
-0.340741 -0.069398 0.186387 0.465461 0.795929
1.107906 1.314758 1.428396 1.485533 1.467301
1.354199 1.223895 1.159503 1.157558 1.154826
1.168038 1.260791 1.482473 1.798332 2.162784
2.499012 2.762251 2.921099 3.010326 3.028714
2.980948 2.868980 2.776879 2.747400 2.811108
2.949582 3.206217 3.564806 4.003393 4.461122
4.961370 5.477336 5.962106 6.316718 6.542661
6.661880 6.727319 6.739142 6.738201 6.746992
6.819023 6.965917 7.218518 7.547070 7.919703
8.261676 8.553351 8.771089 8.920786 8.949218
8.823824 8.510436 8.056900 7.500259 6.909908
6.311100 5.779323 5.344653 5.055392 4.875658
4.807101 4.810760 4.893197 4.972594 5.002104
4.921761 4.779424 4.568618 4.306173 3.972183
3.660663 3.431352 3.350692 3.393264 3.573920
3.850449 4.197458 4.561318 4.943512 5.307539
5.600407 5.763264 5.800647 5.728224 5.553526
5.290729 4.985776 4.673214 4.350028 4.026691
3.746638 3.533285 3.329089 3.056269 2.676967
2.193329 1.596588 0.899271 0.149309 -0.602632
-1.348112 -2.088183 -2.799041 -3.465226 -4.087260
-4.647323 -5.079456 -5.347033 -5.463524 -5.449738
-5.296393 -5.045205 -4.826855 -4.760102 -4.841215
-4.959990 -5.041614 -5.080193 -5.109615 -5.108648
-5.054378 -4.919453 -4.733621 -4.495077 -4.228449
-3.941141 -3.707565 -3.548351 -3.489916 -3.497050
-3.620769 -3.878335 -4.283909 -4.704910 -5.053471
-5.292019 -5.528808 -5.778365 -6.006702 -6.119583
-6.149604 -6.104452 -6.015725 -5.897657 -5.881597
-6.011328 -6.261690 -6.526826 -6.823778 -7.146766
-7.482011 -7.758119 -8.001447 -8.189704 -8.283551
-8.201841 -8.002965 -7.746860 -7.506934 -7.277672
-7.126783 -7.068755 -7.131509 -7.263630 -7.475607
-7.703643 -7.903273 -7.987890 -7.980033 -7.875094
-7.718051 -7.510406 -7.322864 -7.134869 -6.943204
-6.721244 -6.580643 -6.574307 -6.721049 -6.904522
-7.082246 -7.220643 -7.355151 -7.441504 -7.461011
-7.382491 -7.247308 -7.046385 -6.798408 -6.530492
-6.342778 -6.249823 -6.214837 -6.188287 -6.211139
-6.277745 -6.308428 -6.212463 -6.008126 -5.727381
-5.335411 -4.783368 -4.128805 -3.482626 -2.898133
-2.350284 -1.806188 -1.249468 -0.685062 -0.159222
0.290253 0.709253 1.216091 1.825892 2.432146
2.940939 3.419928 3.957456 4.532979 5.027145
5.412594 5.750477 6.113391 6.465756 6.772155
7.024514 7.302651 7.626097 7.986134 8.306894
8.601537 8.886085 9.201313 9.476417 9.671763
9.757081 9.822063 9.908503 10.065761 10.246196
10.467821 10.709921 11.001369 11.266394 11.482583
11.609227 11.707182 11.749969 11.728558 11.586398
11.387923 11.157499 10.950692 10.747762 10.604968
10.508972 10.459820 10.384306 10.294623 10.168330
10.025359 9.831111 9.611569 9.330017 8.991336
8.582764 8.186189 7.808265 7.447493 7.044617
6.640536 6.235181 5.836528 5.388170 4.920685
4.441479 3.985559 3.530259 3.111444 2.721869
2.384865 2.091051 1.874673 1.688256 1.490638
1.261048 1.087464 0.989646 0.925030 0.821529
0.721686 0.662288 0.637354 0.591716 0.540977
0.500431 0.449712 0.329187 0.135476 -0.092763
-0.316291 -0.510210 -0.650510 -0.716499 -0.733083
-0.742968 -0.781306 -0.826264 -0.857272 -0.866369
-0.897045 -0.962858 -1.063150 -1.164349 -1.290059
-1.469387 -1.745809 -2.090839 -2.478227 -2.860040
-3.229937 -3.541778 -3.790731 -3.987962 -4.219410
-4.497605 -4.806162 -5.085080 -5.365838 -5.643185
-5.922368 -6.160047 -6.406946 -6.666654 -6.945234
-7.172471 -7.365199 -7.515000 -7.657607 -7.755425
-7.842600 -7.912588 -8.020582 -8.142375 -8.339197
-8.637291 -9.117122 -9.687788 -10.256118 -10.701629
-11.073459 -11.352893 -11.548344 -11.623400 -11.697790
-11.797037 -11.918273 -11.962510 -12.003837 -12.106151
-12.339055 -12.611746 -12.888727 -13.116175 -13.306922
-13.381982 -13.325241 -13.144079 -12.952466 -12.761354
-12.563444 -12.328319 -12.144921 -12.001928 -11.824755
-11.495092 -11.057707 -10.540498 -9.943766 -9.217279
-8.446794 -7.698933 -7.004042 -6.315936 -5.673022
-5.070459 -4.491635 -3.887610 -3.318600 -2.795862
-2.296507 -1.757283 -1.231594 -0.758995 -0.355370
0.028819 0.374822 0.687894 0.988769 1.343594
1.732626 2.096541 2.371350 2.576705 2.753637
2.923180 3.067549 3.187174 3.309883 3.434089
3.521382 3.536101 3.527291 3.545982 3.620569
3.704358 3.797482 3.889384 4.005390 4.109690
4.214923 4.304178 4.411061 4.509782 4.625411
4.751129 4.948647 5.213163 5.566048 5.960801
6.428002 6.946822 7.536806 8.117932 8.665846
9.113594 9.492275 9.773610 9.989524 10.092038
10.122481 10.072983 10.032820 9.996940 10.030828
10.105403 10.295083 10.563487 10.936086 11.299634
11.641050 11.875924 12.082270 12.274138 12.560080
12.862467 13.180045 13.450355 13.816875 14.292497
14.933084 15.633598 16.435819 17.260801 18.090609
18.773471 19.302938 19.619997 19.776952 19.754442
19.665535 19.562044 19.555235 19.620436 19.774071
19.938068 20.103470 20.179124 20.153649 19.967405
19.638711 19.089984 18.307292 17.270986 16.114361
14.902500 13.724342 12.567515 11.519899 10.567601
9.722243 8.886717 8.094627 7.337626 6.661759
5.974320 5.270677 4.541573 3.899506 3.320758
2.790001 2.243954 1.777868 1.420800 1.199659
1.045862 0.986659 0.993223 1.025913 0.981794
0.864159 0.704549 0.549625 0.372459 0.158857
-0.105239 -0.400787 -0.713687 -1.022171 -1.320618
-1.601024 -1.839335 -2.012880 -2.133571 -2.245846
-2.356219 -2.447862 -2.534660 -2.680238 -2.869928
-3.004547 -3.013830 -2.982222 -3.015269 -3.144252
-3.315050 -3.498481 -3.625438 -3.638986 -3.557399
-3.524063 -3.570144 -3.581548 -3.443464 -3.271990
-3.218756 -3.324318 -3.480969 -3.673489 -3.919148
-4.250199 -4.599577 -4.935725 -5.185207 -5.328203
-5.346276 -5.318574 -5.260137 -5.170552 -5.007451
-4.871548 -4.873667 -5.102215 -5.450656 -5.815344
-6.134150 -6.509192 -6.962067 -7.445765 -7.803712
-8.011236 -8.082972 -8.101017 -8.046328 -7.959576
-7.864971 -7.868884 -7.958801 -8.133022 -8.320498
-8.565032 -8.840587 -9.155906 -9.424716 -9.662083
-9.830100 -9.960351 -10.006421 -10.019269 -9.981321
-9.948936 -9.908501 -9.949640 -10.069312 -10.319471
-10.661970 -11.138117 -11.664804 -12.189832 -12.607726
-12.950197 -13.186648 -13.315874 -13.269065 -13.104273
-12.851521 -12.598539 -12.356531 -12.201520 -12.112306
-12.087407 -12.060592 -12.063507 -12.063749 -12.026767
-11.821785 -11.426948 -10.869976 -10.277098 -9.662334
-9.039118 -8.388427 -7.810410 -7.316549 -6.914638
-6.545549 -6.272331 -6.075128 -5.914793 -5.669911
-5.355795 -4.984811 -4.594512 -4.140816 -3.661020
-3.190629 -2.808438 -2.516836 -2.343060 -2.279967
-2.346000 -2.493667 -2.681537 -2.865254 -3.037696
-3.142760 -3.103367 -2.879885 -2.511740 -2.038265
-1.457316 -0.805544 -0.183176 0.324821 0.754679
1.161179 1.545432 1.850295 2.097569 2.343335
2.641705 2.963102 3.294705 3.640082 4.046849
4.509516 5.021053 5.567299 6.166725 6.759510
7.267176 7.636315 7.922898 8.129169 8.224909
8.190705 8.156494 8.198735 8.287203 8.292437
8.231630 8.190840 8.268895 8.430127 8.632204
8.809732 8.960085 9.058601 9.126605 9.148924
9.136278 9.050415 8.900713 8.695093 8.501211
8.322779 8.156494 7.967386 7.782536 7.584345
7.346426 7.020344 6.633046 6.185621 5.687761
5.145698 4.633803 4.152662 3.655074 3.085591
