IDES AREA (in^2) SMI (in^4) WMI (in^4) SSM (in^3) WSM (in^3) SZ (in^3) WZ (in^3) DEPTH (in) WEBTHK (in) FLGWDTH (in) FLGTHK (in) TORJ (in^4)
12065 19.1 533 174 87.9 29.1 96.8 44.1 12.12 0.39 12 0.605 2.18
14022 6.49 199 7 29 2.8 33.2 4.39 13.74 0.23 5 0.335 0.21
14026 7.69 245 8.91 35.3 3.54 40.2 5.54 13.91 0.255 5.025 0.42 0.36
14030 8.85 291 19.6 42 5.82 47.3 8.99 13.84 0.27 6.73 0.385 0.38
14034 10 340 23.3 48.6 6.91 54.6 10.6 13.98 0.285 6.745 0.455 0.57
14038 11.2 385 26.7 54.6 7.88 61.5 12.1 14.1 0.31 6.77 0.515 0.8
14043 12.6 428 45.2 62.7 11.3 69.6 17.3 13.66 0.305 7.995 0.53 1.05
14048 14.1 485 51.4 70.3 12.8 78.4 19.6 13.79 0.34 8.03 0.595 1.46
14053 15.6 541 57.7 77.8 14.3 87.1 22 13.92 0.37 8.06 0.66 1.94
14061 17.9 640 107 92.2 21.5 102 32.8 13.89 0.375 9.995 0.645 2.2
14068 20 723 121 103 24.2 115 36.9 14.04 0.415 10.035 0.72 3.02
14074 21.8 796 134 112 26.6 126 40.6 14.17 0.45 10.07 0.785 3.88
14082 24.1 882 148 123 29.3 139 44.8 14.31 0.51 10.13 0.855 5.08
14090 26.5 999 362 143 49.9 157 75.6 14.02 0.44 14.52 0.71 4.06
14099 29.1 1110 402 157 55.2 173 83.6 14.16 0.485 14.565 0.78 5.37
14109 32 1240 447 173 61.2 192 92.7 14.32 0.525 14.605 0.86 7.12
14120 35.3 1380 495 190 67.5 212 102 14.48 0.59 14.67 0.94 9.37
14132 38.8 1530 548 209 74.5 234 113 14.66 0.645 14.725 1.03 12.3
14145 42.7 1710 677 232 87.3 260 133 14.78 0.68 15.5 1.09 15.2
14159 46.43 1900 748 254 96.2 287 146 14.98 0.745 15.565 1.19 19.8
14176 51.8 2140 838 281 107 320 163 15.22 0.83 15.65 1.31 26.5
14193 56.8 2400 931 310 119 355 180 15.48 0.89 15.71 1.44 34.8
14211 62 2660 1030 338 130 390 198 15.72 0.98 15.8 1.56 44.6
14233 68.5 3010 1150 375 145 436 221 16.04 1.07 15.89 1.72 59.5
14257 75.6 3400 1290 415 161 487 246 16.38 1.175 15.995 1.89 79.1
14283 83.3 3840 1440 459 179 542 274 16.74 1.29 16.11 2.07 104
14311 91.4 4330 1610 506 199 603 304 17.12 1.41 16.23 2.26 136
14342 101 4900 1810 559 221 672 338 17.54 1.54 16.36 2.47 178
14370 109 5440 1990 607 241 736 370 17.92 1.655 16.475 2.66 222
14398 117 6000 2170 656 262 801 402 18.29 1.77 16.59 2.845 273
14426 125 6600 2360 707 283 869 434 18.67 1.875 16.695 3.035 331
14455 134 7190 2560 756 304 936 468 19.02 2.015 16.835 3.21 395
14500 147 8210 2880 838 339 1050 522 19.6 2.19 17.01 3.5 514
14550 162 9430 3250 931 378 1180 583 20.24 2.38 17.2 3.82 670
14605 178 10800 3680 1040 423 1320 652 20.92 2.595 17.415 4.16 870
14665 196 12400 4170 1150 472 1480 730 21.64 2.83 17.65 4.52 1120
14730 215 14300 4720 1280 527 1660 816 22.42 3.07 17.89 4.91 1450
14808 237 16000 5510 1400 594 1834 927 22.84 3.74 18.56 5.12 1860
16026 7.68 301 9.59 38.4 3.49 44.2 5.48 15.69 0.25 5.5 0.345 0.26
16031 9.12 375 12.4 47.2 4.49 54 7.03 15.88 0.275 5.525 0.44 0.46
16036 10.6 448 24.5 56.5 7 64 10.8 15.86 0.295 6.985 0.43 0.54
16040 11.8 518 28.9 64.7 8.25 72.9 12.7 16.01 0.305 6.995 0.505 0.79
16045 13.3 586 32.8 72.7 9.34 82.3 14.5 16.13 0.345 7.035 0.565 1.11
16050 14.7 659 37.2 81 10.5 92 16.3 16.26 0.38 7.07 0.63 1.52
16057 16.8 758 43.1 92.2 12.1 105 18.9 16.43 0.43 7.12 0.715 2.22
16067 19.7 954 119 117 23.2 130 35.5 16.33 0.395 10.235 0.665 2.39
16077 22.6 1110 138 134 26.9 150 41.1 16.52 0.455 10.295 0.76 3.57
16089 26.2 1300 163 155 31.4 175 48.1 16.75 0.525 10.365 0.875 5.45
16100 29.4 1490 186 175 35.7 198 54.9 16.97 0.585 10.425 0.985 7.73
18035 10.3 510 15.3 57.6 5.12 66.5 8.06 17.7 0.3 6 0.425 0.51
18040 11.8 612 19.1 68.4 6.35 78.4 9.95 17.9 0.315 6.015 0.525 0.81
18046 13.5 712 22.5 78.8 7.43 90.7 11.7 18.06 0.36 6.06 0.605 1.22
18050 14.7 800 40.1 88.9 10.7 101 16.6 17.99 0.355 7.495 0.57 1.24
18055 16.2 890 44.9 98.3 11.9 112 18.5 18.11 0.39 7.53 0.63 1.66
18060 17.6 984 50.1 108 13.3 123 20.6 18.24 0.415 7.555 0.695 2.17
18065 19.1 1070 54.8 117 14.4 133 22.5 18.35 0.45 7.59 0.75 2.73
18071 20.8 1170 60.3 127 15.8 145 24.7 18.47 0.495 7.635 0.81 3.48
18076 22.3 1330 152 146 27.6 163 42.2 18.21 0.425 11.035 0.68 2.83
18086 25.3 1530 175 166 31.6 186 48.4 18.39 0.48 11.09 0.77 4.1
18097 28.5 1750 201 188 36.1 211 55.3 18.59 0.535 11.145 0.87 5.86
18106 31.1 1910 220 204 39.4 230 60.5 18.73 0.59 11.2 0.94 7.48
18119 35.1 2190 253 231 44.9 261 69.1 18.97 0.655 11.265 1.06 10.6
18130 38.2 2460 278 256 49.9 291 76.7 19.25 0.67 11.16 1.2 14.7
18143 42.1 2750 311 282 55.5 322 85.4 19.49 0.73 11.22 1.32 19.4
18158 46.3 3060 347 310 61.4 356 94.8 19.72 0.81 11.3 1.44 25.4
18175 51.3 3450 391 344 68.8 398 106 20.04 0.89 11.375 1.59 34.2
18192 56.4 3870 440 380 76.8 442 119 20.35 0.96 11.455 1.75 45.2
18211 62.1 4330 493 419 85.3 490 132 20.67 1.06 11.555 1.91 59.3
18234 68.8 4900 558 466 95.8 549 149 21.06 1.16 11.65 2.11 79.7
18258 75.9 5510 628 514 107 611 166 21.46 1.28 11.77 2.3 104
18283 83.2 6160 704 564 118 676 185 21.85 1.4 11.89 2.5 135
18311 91.5 6960 795 624 132 753 207 22.32 1.52 12.005 2.74 177
21044 13 843 20.7 81.6 6.36 95.4 10.2 20.66 0.35 6.5 0.45 0.77
21050 14.7 984 24.9 94.5 7.64 110 12.2 20.83 0.38 6.53 0.535 1.14
21057 16.7 1170 30.6 111 9.35 129 14.8 21.06 0.405 6.555 0.65 1.77
21062 18.3 1330 57.5 127 13.9 144 21.7 20.99 0.4 8.24 0.615 1.83
21068 20 1480 64.7 140 15.7 160 24.4 21.13 0.43 8.27 0.685 2.45
21073 21.5 1600 70.6 151 17 172 26.6 21.24 0.455 8.295 0.74 3.02
21083 24.3 1830 81.4 171 19.5 196 30.5 21.43 0.515 8.355 0.835 4.34
21093 27.3 2070 92.9 192 22.1 221 34.7 21.62 0.58 8.42 0.93 6.03
21101 29.8 2420 248 227 40.3 253 61.7 21.36 0.5 12.29 0.8 5.21
21111 32.7 2670 274 249 44.5 279 68.2 21.51 0.55 12.34 0.875 6.83
21122 35.9 2960 305 273 49.2 307 75.6 21.68 0.6 12.39 0.96 8.98
21132 38.8 3220 333 295 53.5 333 82.3 21.83 0.65 12.44 1.035 11.3
21147 43.2 3630 376 329 60.1 373 92.6 22.06 0.72 12.51 1.15 15.4
21166 48.8 4280 435 380 70.1 432 108 22.48 0.75 12.42 1.36 23.9
21182 53.6 4730 483 417 77.2 476 119 22.72 0.83 12.5 1.48 31
21201 59.2 5310 542 461 86.1 530 133 23.03 0.91 12.575 1.63 41.3
21223 65.4 5950 609 510 96.1 589 149 23.35 1 12.675 1.79 54.9
21248 72.8 6760 694 569 109 663 169 23.74 1.1 12.775 1.99 75.2
21275 80.8 7620 785 632 122 741 189 24.13 1.22 12.89 2.19 101
21300 88.2 8480 873 692 134 816 210 24.53 1.32 12.99 2.38 130
21333 97.9 9610 994 769 151 915 237 25 1.46 13.13 2.62 174
21364 107 10800 1120 846 168 1010 263 25.47 1.59 13.265 2.85 225
21402 118 12200 1270 937 189 1130 296 26.02 1.73 13.405 3.13 297
24055 16.2 1350 29.1 114 8.3 134 13.3 23.57 0.395 7.005 0.505 1.18
24062 18.2 1550 34.5 131 9.8 153 15.7 23.74 0.43 7.04 0.59 1.71
24068 20.1 1830 70.4 154 15.7 177 24.5 23.73 0.415 8.965 0.585 1.87
24076 22.4 2100 82.5 176 18.4 200 28.6 23.92 0.44 8.99 0.68 2.68
24084 24.7 2370 94.4 196 20.9 224 32.6 24.1 0.47 9.02 0.77 3.7
24094 27.7 2700 109 222 24 254 37.5 24.31 0.515 9.065 0.875 5.26
24103 30.3 3000 119 245 26.5 280 41.5 24.53 0.55 9 0.98 7.1
24104 30.6 3100 259 258 40.7 289 62.4 24.06 0.5 12.75 0.75 4.72
24117 34.4 3540 297 291 46.5 327 71.4 24.26 0.55 12.8 0.85 6.72
24131 38.5 4020 340 329 53 370 81.5 24.48 0.605 12.855 0.96 9.5
24146 43 4580 391 371 60.5 418 93.2 24.74 0.65 12.9 1.09 13.4
24162 47.7 5170 443 414 68.4 468 105 25 0.705 12.955 1.22 18.5
24176 51.7 5680 479 450 74.3 511 115 25.24 0.75 12.89 1.34 24.1
24192 56.3 6260 530 491 81.8 559 126 25.47 0.81 12.95 1.46 31
24207 60.7 6820 578 531 88.8 606 137 25.71 0.87 13.01 1.57 38.6
24229 67.2 7650 651 588 99.4 676 154 26.02 0.96 13.11 1.73 51.8
24250 73.5 8490 724 644 110 744 171 26.34 1.04 13.185 1.89 67.3
24279 82 9600 823 718 124 835 193 26.73 1.16 13.305 2.09 91.7
24306 89.8 10700 919 789 137 922 214 27.13 1.26 13.405 2.28 119
24335 98.4 11900 1030 864 152 1020 238 27.52 1.38 13.52 2.48 154
24370 108 13400 1160 957 170 1120 267 27.99 1.52 13.66 2.72 205
24408 119 15100 1320 1060 191 1250 300 28.54 1.65 13.8 2.99 271
24450 132 17100 1490 1170 214 1410 337 29.09 1.81 13.955 3.27 357
24492 144 19100 1670 1290 237 1550 375 29.65 1.97 14.115 3.54 456
27084 24.8 2850 106 213 21.2 244 33.2 26.71 0.46 9.96 0.64 2.81
27094 27.7 3270 124 243 24.8 278 38.8 26.92 0.49 9.99 0.745 4.03
27102 30 3620 139 267 27.8 305 43.4 27.09 0.515 10.015 0.83 5.29
27114 33.5 4090 159 299 31.5 343 49.3 27.29 0.57 10.07 0.93 7.33
27129 37.8 4760 184 345 36.8 395 57.6 27.63 0.61 10.01 1.1 11.2
27146 42.9 5630 443 411 63.5 461 97.5 27.38 0.605 13.965 0.975 10.9
27161 47.4 6280 497 455 70.9 512 109 27.59 0.66 14.02 1.08 14.7
27178 52.3 6990 555 502 78.8 567 122 27.81 0.725 14.085 1.19 19.5
27194 57 7820 618 556 88.1 628 136 28.11 0.75 14.035 1.34 26.5
27217 63.8 8870 704 624 99.8 708 154 28.43 0.83 14.115 1.5 37
27235 69.1 9660 768 674 108 769 168 28.66 0.91 14.19 1.61 46.3
27258 75.7 10800 859 742 120 850 187 28.98 0.98 14.27 1.77 61
27281 82.6 11900 953 811 133 933 206 29.29 1.06 14.35 1.93 78.8
27307 90.2 13100 1050 884 146 1020 227 29.61 1.16 14.445 2.09 101
27336 98.7 14500 1170 970 161 1130 252 30 1.26 14.545 2.28 131
27368 108 16100 1310 1060 179 1240 279 30.39 1.38 14.665 2.48 169
27407 119 18100 1480 1170 200 1380 313 30.87 1.52 14.8 2.72 225
27448 131 20400 1670 1300 224 1530 351 31.42 1.65 14.94 2.99 297
27494 145 22900 1890 1440 250 1710 394 31.97 1.81 15.095 3.27 391
27539 158 25500 2110 1570 277 1880 437 32.52 1.97 15.255 3.54 499
30090 26.4 3620 115 245 22.1 283 34.7 29.53 0.47 10.4 0.61 2.92
30099 29.1 3990 128 269 24.5 312 38.6 29.65 0.52 10.45 0.67 3.77
30108 31.7 4470 146 299 27.9 346 43.9 29.83 0.545 10.475 0.76 4.99
30116 34.2 4930 164 329 31.3 378 49.2 30.01 0.565 10.495 0.85 6.43
30124 36.5 5360 181 355 34.4 408 54 30.17 0.585 10.515 0.93 7.99
30132 38.9 5770 196 380 37.2 437 58.4 30.31 0.615 10.545 1 9.72
30148 43.5 6680 227 436 43.3 500 68 30.67 0.65 10.48 1.18 14.6
30173 50.8 8200 598 539 79.8 605 123 30.44 0.655 14.985 1.065 15.3
30191 56.1 9170 673 598 89.5 673 138 30.68 0.71 15.04 1.185 20.6
30211 62 10300 757 663 100 749 154 30.94 0.775 15.105 1.315 27.9
30235 69 11700 855 746 114 845 175 31.3 0.83 15.055 1.5 40
30261 76.7 13100 959 827 127 941 196 31.61 0.93 15.155 1.65 53.8
30292 85.7 14900 1100 928 144 1060 223 32.01 1.02 15.255 1.85 74.9
30326 95.7 16800 1240 1030 162 1190 252 32.4 1.14 15.37 2.05 103
30357 104 18600 1390 1140 179 1300 279 32.8 1.24 15.47 2.24 134
30391 114 20700 1550 1250 198 1430 310 33.19 1.36 15.59 2.44 174
30433 127 23200 1750 1380 222 1610 348 33.66 1.5 15.725 2.68 231
30477 140 26100 1970 1530 249 1790 390 34.21 1.63 15.865 2.95 307
30526 154 29300 2230 1680 278 1990 438 34.76 1.79 16.02 3.23 405
30581 170 33000 2530 1870 312 2210 492 35.39 1.97 16.2 3.54 537
33118 34.7 5900 187 359 32.6 415 51.3 32.86 0.55 11.48 0.74 5.3
33130 38.3 6710 218 406 37.9 467 59.5 33.09 0.58 11.51 0.855 7.37
33141 41.6 7450 246 448 42.7 514 66.9 33.3 0.605 11.535 0.96 9.7
33152 44.7 8160 273 487 47.2 559 73.9 33.49 0.635 11.565 1.055 12.4
33169 49.5 9290 310 549 53.9 629 84.4 33.82 0.67 11.5 1.22 17.7
33201 59.1 11500 749 684 95.2 772 147 33.68 0.715 15.745 1.15 20.5
33221 65 12800 840 757 106 855 164 33.93 0.775 15.805 1.275 27.5
33241 70.9 14200 932 829 118 939 182 34.18 0.83 15.86 1.4 35.8
33263 77.4 15800 1030 917 131 1040 202 34.53 0.87 15.805 1.57 48.5
33291 85.6 17700 1160 1010 146 1150 226 34.84 0.96 15.905 1.73 65
33318 93.5 19500 1290 1110 161 1270 250 35.16 1.04 15.985 1.89 84.4
33354 104 21900 1460 1230 181 1420 282 35.55 1.16 16.1 2.09 115
33387 113 24300 1620 1350 200 1550 312 35.95 1.26 16.2 2.28 149
33424 124 26900 1800 1480 221 1700 345 36.34 1.38 16.315 2.48 193
33468 137 30100 2030 1630 247 1890 387 36.81 1.52 16.455 2.72 256
33515 151 33700 2290 1810 276 2110 433 37.36 1.65 16.59 2.99 338
33567 166 37700 2580 1990 308 2330 485 37.91 1.81 16.75 3.27 444
33619 181 41800 2870 2170 340 2560 537 38.47 1.97 16.91 3.54 567
36135 39.7 7800 225 439 37.7 509 59.7 35.55 0.6 11.95 0.79 6.99
36150 44.2 9040 270 504 45.1 581 70.9 35.85 0.625 11.975 0.94 10.1
36160 47 9750 295 542 49.1 624 77.3 36.01 0.65 12 1.02 12.4
36170 50 10500 320 580 53.2 668 83.8 36.17 0.68 12.03 1.1 15.1
36182 53.6 11300 347 623 57.6 718 90.7 36.33 0.725 12.075 1.18 18.4
36194 57 12100 375 664 61.9 767 97.7 36.49 0.765 12.115 1.26 22.2
36210 61.8 13200 411 719 67.5 833 107 36.69 0.83 12.18 1.36 28
36232 68.1 15000 468 809 77.2 936 122 37.12 0.87 12.12 1.57 39.8
36256 75.4 16800 528 895 86.5 1040 137 37.43 0.96 12.215 1.73 53.3
36230 67.6 15000 940 837 114 943 176 35.9 0.76 16.47 1.26 28.6
36245 72.1 16100 1010 895 123 1010 190 36.08 0.8 16.51 1.35 34.6
36260 76.5 17300 1090 953 132 1080 204 36.26 0.84 16.55 1.44 41.5
36280 82.4 18900 1200 1030 144 1170 223 36.52 0.885 16.595 1.57 52.6
36300 88.3 20300 1300 1110 156 1260 241 36.74 0.945 16.655 1.68 64.2
36328 96.4 22500 1420 1210 171 1380 265 37.09 1.02 16.63 1.85 84.5
36359 105 24800 1570 1320 188 1510 292 37.4 1.12 16.73 2.01 109
36393 115 27500 1750 1450 208 1660 325 37.8 1.22 16.83 2.2 143
36439 128 31000 1990 1620 235 1860 367 38.26 1.36 16.965 2.44 195
36527 154 38300 2490 1950 289 2270 454 39.21 1.61 17.22 2.91 330
36588 172 43500 2850 2180 328 2550 517 39.84 1.79 17.4 3.23 453
36650 190 48900 3230 2420 367 2840 580 40.47 1.97 17.575 3.54 600
36720 211 55300 3680 2690 414 3190 656 41.19 2.165 17.775 3.9 804
36798 234 62600 4200 2980 467 3570 743 41.97 2.38 17.99 4.29 1070
36848 249 67400 4550 3170 501 3830 799 42.45 2.52 18.13 4.53 1270
40149 43.8 9780 229 512 38.8 597 62.2 38.2 0.63 11.81 0.83 9.62
40167 49.1 11600 283 599 47.9 692 76 38.59 0.65 11.81 1.025 14
40183 53.7 13300 336 682 56.9 781 89.6 38.98 0.65 11.81 1.22 19.6
40199 58.4 14900 695 769 88.2 868 137 38.67 0.65 15.75 1.065 18.1
40215 63.3 16700 796 858 101 963 156 38.98 0.65 15.75 1.22 24.4
40249 73.3 19500 926 992 118 1120 182 39.38 0.75 15.75 1.42 37.7
40277 81.3 21900 1040 1100 132 1250 204 39.69 0.83 15.83 1.575 51.1
40297 87.4 23200 1090 1170 138 1330 215 39.84 0.93 15.825 1.65 61.2
40324 95.3 25600 1220 1280 153 1460 239 40.16 1 15.905 1.81 79.4
40362 106 28900 1380 1420 173 1630 270 40.55 1.12 16.02 2.01 109
40397 116 32000 1540 1560 191 1790 300 40.95 1.22 16.12 2.2 142
40436 128 35400 1720 1710 212 1980 334 41.34 1.34 16.24 2.4 186
40480 140 39500 1940 1890 237 2180 374 41.81 1.46 16.36 2.64 245
40531 156 44300 2200 2090 266 2450 422 42.34 1.61 16.51 2.91 329
40593 174 50400 2520 2340 302 2750 481 42.99 1.79 16.69 3.23 451
40655 192 56500 2860 2590 339 3060 541 43.62 1.97 16.87 3.54 596
10000 50 1000 1000 250 250 300 300 15 0.75 15 0.75 10
-1414171 50.3738756352 1382.62707982949 1382.62707982949 200.680885009099 200.680885009099 242.179149465732 242.179149465732 13.77936 0.98424 13.77936 0.98424 13.1380853739454
-1616227 66.7043111334298 2386.26122808831 2386.26122808831 303.058861162967 303.058861162967 366.10335677312 366.10335677312 15.74784 1.1417184 15.74784 1.1417184 23.4367827518284
-1818282 82.9293489841767 3765.0383293858 3765.0383293858 425.036162068172 425.036162068172 512.772114475559 512.772114475559 17.71632 1.2598272 17.71632 1.2598272 35.4247225947519
-2020352 103.562488444355 5794.49567632897 5794.49567632897 588.727919646526 588.727919646526 710.858701611577 710.858701611577 19.6848 1.4173056 19.6848 1.4173056 56.0430181674786
-2222430 126.477176979456 8550.40409894703 8550.40409894703 789.756018390473 789.756018390473 954.254498102708 954.254498102708 21.65328 1.574784 21.65328 1.574784 84.5642249440692
-3022644 189.250775847936 21127.6448784676 13725.632563832 1431.06321483023 1267.76475100604 1795.72597560698 1511.79285246643 29.5272 2.165328 21.65328 1.771632 180.194471511679
-3024668 196.225620166656 22472.7746113936 16887.1513983088 1522.17444331962 1429.79620471199 1892.5213584958 1701.49349647313 29.5272 2.165328 23.62176 1.771632 187.491739502236
0 0 0 0 0 0 0 0 0 0 0 0 0
